tests/test_data/sbe_files/sbe911plus/atwain_cruise_ctds/AT286.cnv
* Sea-Bird SBE 9 Data File:
* FileName = C:\ATWAIN_2017\hex\AT286.hex
* Software Version Seasave V 7.21b
* Temperature SN = 2400
* Conductivity SN = 3234
* Number of Bytes Per Scan = 34
* Number of Voltage Words = 4
* Number of Scans Averaged by the Deck Unit = 1
* NMEA baud rate = 4800
** ATWAIN 2017
** R/V Lance
** Sounding depth: 496
** Latitude: 80 04.0840
** Longitude: 10 22.8474
# nquan = 8
# nvalues = 486                         
# units = specified
# name 0 = prDM: Pressure, Digiquartz [db]
# name 1 = t090C: Temperature [ITS-90, deg C]
# name 2 = potemp090C: Potential Temperature [ITS-90, deg C]
# name 3 = c0mS/cm: Conductivity [mS/cm]
# name 4 = sal00: Salinity, Practical [PSU]
# name 5 = sigma-é00: Density [sigma-theta, kg/m^3]
# name 6 = flECO-AFL: Fluorescence, WET Labs ECO-AFL/FL [mg/m^3]
# name 7 = flag: flag
# span 0 =      2.000,    487.000       
# span 1 =     3.5334,     6.5689       
# span 2 =     3.4997,     6.5620       
# span 3 =  32.396264,  34.917057       
# span 4 =    34.9153,    35.1172       
# span 5 =    27.4438,    27.8741       
# span 6 =    -0.1276,     1.4288       
# span 7 = 0.0000e+00, 0.0000e+00       
# interval = decibars: 1                
# start_time = Sep 24 2017 19:07:41 [System UTC, first data scan.]
# bad_flag = -9.990e-29
*END*
[from data line 360]
    362.000     3.9454     3.9196  32.690670    35.0242    27.8139    -0.0935 0.0000e+00
    363.000     3.9773     3.9514  32.724143    35.0294    27.8147    -0.0989 0.0000e+00
    364.000     4.0361     4.0099  32.785571    35.0392    27.8164    -0.1015 0.0000e+00
    365.000     4.0593     4.0329  32.808863    35.0415    27.8158    -0.1024 0.0000e+00
    366.000     4.0530     4.0265  32.803678    35.0416    27.8165    -0.0889 0.0000e+00
    367.000     4.0613     4.0348  32.813026    35.0433    27.8170    -0.0865 0.0000e+00
    368.000     4.0501     4.0236  32.802686    35.0424    27.8175    -0.0976 0.0000e+00
    369.000     4.0414     4.0148  32.794778    35.0417    27.8179    -0.0992 0.0000e+00
    370.000     4.0163     3.9897  32.771215    35.0400    27.8192    -0.0963 0.0000e+00
    371.000     4.0099     3.9832  32.765890    35.0400    27.8198    -0.0989 0.0000e+00
    372.000     4.0162     3.9894  32.772182    35.0402    27.8193    -0.1002 0.0000e+00
    373.000     4.0041     3.9773  32.761032    35.0393    27.8199    -0.1003 0.0000e+00
    374.000     4.0073     3.9804  32.764393    35.0394    27.8197    -0.0984 0.0000e+00
    375.000     3.9950     3.9681  32.753255    35.0387    27.8204    -0.0986 0.0000e+00
    376.000     3.9933     3.9663  32.752126    35.0386    27.8205    -0.0955 0.0000e+00
    377.000     3.9921     3.9650  32.751228    35.0384    27.8204    -0.0981 0.0000e+00
    378.000     3.9863     3.9592  32.746091    35.0378    27.8206    -0.0985 0.0000e+00
    379.000     3.9830     3.9558  32.743275    35.0375    27.8207    -0.0996 0.0000e+00
    380.000     3.9773     3.9500  32.738303    35.0372    27.8210    -0.0973 0.0000e+00
    381.000     3.9745     3.9472  32.736190    35.0370    27.8212    -0.0962 0.0000e+00
    382.000     3.9570     3.9297  32.720221    35.0362    27.8224    -0.0976 0.0000e+00
    383.000     3.9543     3.9269  32.718203    35.0362    27.8226    -0.1034 0.0000e+00
    384.000     3.9585     3.9310  32.722299    35.0361    27.8222    -0.0992 0.0000e+00
    385.000     3.9489     3.9214  32.714270    35.0362    27.8232    -0.1016 0.0000e+00
    386.000     3.9417     3.9141  32.708392    35.0363    27.8241    -0.0993 0.0000e+00
    387.000     3.9412     3.9135  32.708268    35.0362    27.8241    -0.0922 0.0000e+00
    388.000     3.9316     3.9039  32.700188    35.0363    27.8252    -0.0975 0.0000e+00
    389.000     3.9290     3.9013  32.698488    35.0365    27.8256    -0.0963 0.0000e+00
    390.000     3.9311     3.9033  32.700612    35.0362    27.8252    -0.0986 0.0000e+00
    391.000     3.9290     3.9011  32.698968    35.0360    27.8252    -0.1025 0.0000e+00
    392.000     3.9244     3.8964  32.695817    35.0367    27.8262    -0.1016 0.0000e+00
    393.000     3.9231     3.8951  32.695561    35.0372    27.8268    -0.1025 0.0000e+00
    394.000     3.9234     3.8953  32.696454    35.0373    27.8269    -0.0895 0.0000e+00
    395.000     3.9221     3.8939  32.695870    35.0375    27.8272    -0.0946 0.0000e+00
    396.000     3.9224     3.8941  32.696885    35.0379    27.8275    -0.0988 0.0000e+00
    397.000     3.9224     3.8941  32.697735    35.0383    27.8278    -0.0988 0.0000e+00
    398.000     3.9231     3.8947  32.698871    35.0384    27.8278    -0.1009 0.0000e+00
    399.000     3.9238     3.8953  32.700097    35.0386    27.8279    -0.1052 0.0000e+00
    400.000     3.9259     3.8973  32.703277    35.0396    27.8285    -0.1042 0.0000e+00
    401.000     3.9265     3.8978  32.704586    35.0400    27.8287    -0.0993 0.0000e+00
    402.000     3.9287     3.9000  32.708116    35.0413    27.8296    -0.1022 0.0000e+00
    403.000     3.9294     3.9006  32.709406    35.0415    27.8297    -0.1027 0.0000e+00
    404.000     3.9292     3.9003  32.709685    35.0416    27.8297    -0.0819 0.0000e+00
    405.000     3.9306     3.9016  32.711565    35.0418    27.8297    -0.1050 0.0000e+00
    406.000     3.9303     3.9013  32.711723    35.0417    27.8298    -0.1068 0.0000e+00
    407.000     3.9303     3.9012  32.712202    35.0418    27.8298    -0.1044 0.0000e+00
    408.000     3.9315     3.9023  32.713934    35.0421    27.8299    -0.1008 0.0000e+00
    409.000     3.9336     3.9044  32.716801    35.0426    27.8301    -0.1001 0.0000e+00
    410.000     3.9353     3.9059  32.718990    35.0429    27.8302    -0.1018 0.0000e+00
    411.000     3.9337     3.9043  32.718200    35.0431    27.8305    -0.0973 0.0000e+00
    412.000     3.9343     3.9049  32.719210    35.0431    27.8305    -0.1033 0.0000e+00
    413.000     3.9354     3.9058  32.720854    35.0434    27.8306    -0.1049 0.0000e+00
    414.000     3.9359     3.9062  32.721798    35.0435    27.8307    -0.1029 0.0000e+00
    415.000     3.9386     3.9089  32.725212    35.0441    27.8308    -0.0986 0.0000e+00
    416.000     3.9450     3.9151  32.732231    35.0451    27.8310    -0.1027 0.0000e+00
    417.000     3.9455     3.9157  32.733319    35.0452    27.8311    -0.1014 0.0000e+00
    418.000     3.9462     3.9162  32.734516    35.0455    27.8312    -0.0999 0.0000e+00
    419.000     3.9471     3.9170  32.735885    35.0456    27.8312    -0.1027 0.0000e+00
    420.000     3.9519     3.9218  32.741496    35.0465    27.8315    -0.1007 0.0000e+00
    421.000     3.9547     3.9245  32.744916    35.0471    27.8316    -0.1004 0.0000e+00
    422.000     3.9517     3.9214  32.742699    35.0471    27.8320    -0.0991 0.0000e+00
    423.000     3.9391     3.9087  32.730779    35.0459    27.8323    -0.1033 0.0000e+00
    424.000     3.9205     3.8902  32.713333    35.0444    27.8330    -0.1012 0.0000e+00
    425.000     3.9202     3.8898  32.713413    35.0443    27.8330    -0.1009 0.0000e+00
    426.000     3.9227     3.8922  32.716194    35.0444    27.8328    -0.1005 0.0000e+00
    427.000     3.9330     3.9024  32.727608    35.0464    27.8334    -0.1001 0.0000e+00
    428.000     3.9771     3.9463  32.775443    35.0557    27.8362    -0.0979 0.0000e+00
    429.000     4.0327     4.0016  32.832413    35.0635    27.8366    -0.1003 0.0000e+00
    430.000     4.0285     3.9974  32.829440    35.0639    27.8374    -0.1027 0.0000e+00
    431.000     4.0421     4.0108  32.845059    35.0674    27.8388    -0.1025 0.0000e+00
    432.000     4.0447     4.0134  32.847971    35.0676    27.8386    -0.1023 0.0000e+00
    433.000     4.0466     4.0151  32.850534    35.0681    27.8389    -0.1033 0.0000e+00
    434.000     4.0476     4.0160  32.852353    35.0687    27.8392    -0.1099 0.0000e+00
    435.000     4.0542     4.0226  32.859757    35.0698    27.8394    -0.1040 0.0000e+00
    436.000     4.0566     4.0248  32.862974    35.0706    27.8398    -0.0999 0.0000e+00
    437.000     4.0573     4.0255  32.864838    35.0715    27.8404    -0.0994 0.0000e+00
    438.000     4.0563     4.0244  32.864593    35.0717    27.8408    -0.1018 0.0000e+00
    439.000     4.0433     4.0113  32.852062    35.0703    27.8410    -0.1008 0.0000e+00
    440.000     4.0235     3.9916  32.833894    35.0692    27.8422    -0.1027 0.0000e+00
    441.000     4.0229     3.9909  32.833621    35.0691    27.8421    -0.1136 0.0000e+00
    442.000     4.0162     3.9841  32.827729    35.0687    27.8426    -0.1061 0.0000e+00
    443.000     4.0142     3.9821  32.826188    35.0684    27.8426    -0.1035 0.0000e+00
    444.000     4.0122     3.9801  32.824957    35.0685    27.8428    -0.1006 0.0000e+00
    445.000     4.0082     3.9760  32.821121    35.0677    27.8426    -0.1098 0.0000e+00
    446.000     3.9382     3.9061  32.753681    35.0618    27.8452    -0.1062 0.0000e+00
    447.000     3.9096     3.8776  32.727669    35.0608    27.8474    -0.1065 0.0000e+00
    448.000     3.9238     3.8916  32.740956    35.0609    27.8460    -0.0990 0.0000e+00
    449.000     3.8783     3.8462  32.697952    35.0578    27.8483    -0.1036 0.0000e+00
    450.000     3.8594     3.8273  32.680095    35.0562    27.8490    -0.1031 0.0000e+00
    451.000     3.8023     3.7703  32.625750    35.0519    27.8514    -0.1016 0.0000e+00
    452.000     3.7834     3.7515  32.608712    35.0512    27.8527    -0.1004 0.0000e+00
    453.000     3.7756     3.7436  32.601417    35.0503    27.8528    -0.1026 0.0000e+00
    454.000     3.7685     3.7364  32.595102    35.0499    27.8532    -0.1026 0.0000e+00
    455.000     3.7396     3.7075  32.568271    35.0482    27.8549    -0.1010 0.0000e+00
    456.000     3.7154     3.6833  32.546498    35.0476    27.8568    -0.1041 0.0000e+00
    457.000     3.7139     3.6818  32.545348    35.0472    27.8567    -0.1008 0.0000e+00
    458.000     3.6732     3.6412  32.509397    35.0472    27.8608    -0.1005 0.0000e+00
    459.000     3.6652     3.6332  32.502989    35.0476    27.8619    -0.1075 0.0000e+00
    460.000     3.6678     3.6357  32.505312    35.0470    27.8612    -0.1033 0.0000e+00
    461.000     3.6518     3.6196  32.490946    35.0466    27.8624    -0.1001 0.0000e+00
    462.000     3.6433     3.6111  32.484166    35.0469    27.8635    -0.1052 0.0000e+00
    463.000     3.6488     3.6165  32.489015    35.0463    27.8625    -0.1012 0.0000e+00
    464.000     3.6297     3.5974  32.471964    35.0458    27.8641    -0.1016 0.0000e+00
    465.000     3.6145     3.5822  32.458574    35.0456    27.8653    -0.1038 0.0000e+00
    466.000     3.6155     3.5831  32.459745    35.0454    27.8651    -0.1027 0.0000e+00
    467.000     3.6142     3.5818  32.458687    35.0449    27.8649    -0.1005 0.0000e+00
    468.000     3.6045     3.5720  32.450428    35.0449    27.8658    -0.1043 0.0000e+00
    469.000     3.5959     3.5633  32.443554    35.0454    27.8671    -0.1005 0.0000e+00
    470.000     3.5975     3.5649  32.445382    35.0452    27.8668    -0.1029 0.0000e+00
    471.000     3.5964     3.5637  32.444810    35.0452    27.8669    -0.1018 0.0000e+00
    472.000     3.5939     3.5612  32.442869    35.0450    27.8670    -0.1045 0.0000e+00
    473.000     3.5908     3.5580  32.440713    35.0453    27.8676    -0.1028 0.0000e+00
    474.000     3.5903     3.5574  32.440726    35.0452    27.8676    -0.0990 0.0000e+00
    475.000     3.5873     3.5543  32.438402    35.0452    27.8678    -0.1007 0.0000e+00
    476.000     3.5823     3.5493  32.434575    35.0453    27.8685    -0.1011 0.0000e+00
    477.000     3.5814     3.5483  32.434050    35.0452    27.8685    -0.1029 0.0000e+00
    478.000     3.5808     3.5477  32.433948    35.0451    27.8684    -0.1024 0.0000e+00
    479.000     3.5785     3.5453  32.432453    35.0452    27.8688    -0.0990 0.0000e+00
    480.000     3.5793     3.5460  32.433575    35.0452    27.8687    -0.1011 0.0000e+00
    481.000     3.5793     3.5460  32.433962    35.0451    27.8686    -0.1004 0.0000e+00
    482.000     3.5706     3.5372  32.426458    35.0450    27.8694    -0.0940 0.0000e+00
    483.000     3.5642     3.5308  32.421506    35.0453    27.8703    -0.1073 0.0000e+00
    484.000     3.5542     3.5207  32.413064    35.0454    27.8713    -0.1044 0.0000e+00
    485.000     3.5413     3.5078  32.402442    35.0460    27.8731    -0.0998 0.0000e+00
    486.000     3.5338     3.5002  32.396264    35.0461    27.8739    -0.1011 0.0000e+00
    487.000     3.5334     3.4997  32.396449    35.0462    27.8741    -0.0982 0.0000e+00
