tests/test_data/sbe_files/sbe911plus/atwain_cruise_ctds/AT287.cnv
* Sea-Bird SBE 9 Data File:
* FileName = C:\ATWAIN_2017\hex\AT287.hex
* Software Version Seasave V 7.21b
* Temperature SN = 2400
* Conductivity SN = 3234
* Number of Bytes Per Scan = 34
* Number of Voltage Words = 4
* Number of Scans Averaged by the Deck Unit = 1
* NMEA baud rate = 4800
** ATWAIN 2017
** R/V Lance
** Sounding depth: 400
** Latitude: 80 02.5742
** Longitude: 10 44.7827
# nquan = 8
# nvalues = 392                         
# units = specified
# name 0 = prDM: Pressure, Digiquartz [db]
# name 1 = t090C: Temperature [ITS-90, deg C]
# name 2 = potemp090C: Potential Temperature [ITS-90, deg C]
# name 3 = c0mS/cm: Conductivity [mS/cm]
# name 4 = sal00: Salinity, Practical [PSU]
# name 5 = sigma-é00: Density [sigma-theta, kg/m^3]
# name 6 = flECO-AFL: Fluorescence, WET Labs ECO-AFL/FL [mg/m^3]
# name 7 = flag: flag
# span 0 =      2.000,    393.000       
# span 1 =     4.1365,     6.5280       
# span 2 =     4.1078,     6.5218       
# span 3 =  32.891846,  34.913048       
# span 4 =    34.7712,    35.1176       
# span 5 =    27.3739,    27.8088       
# span 6 =    -0.1149,     1.6824       
# span 7 = 0.0000e+00, 0.0000e+00       
# interval = decibars: 1                
# start_time = Sep 24 2017 20:16:23 [System UTC, first data scan.]
# bad_flag = -9.990e-29
*END*
[from data line 360]
    362.000     4.2077     4.1811  32.938600    35.0388    27.7979    -0.0979 0.0000e+00
    363.000     4.1950     4.1684  32.926744    35.0378    27.7984    -0.0987 0.0000e+00
    364.000     4.1929     4.1663  32.925020    35.0374    27.7984    -0.0977 0.0000e+00
    365.000     4.1899     4.1631  32.922580    35.0372    27.7986    -0.0949 0.0000e+00
    366.000     4.1901     4.1633  32.923333    35.0373    27.7986    -0.0999 0.0000e+00
    367.000     4.1881     4.1612  32.921578    35.0369    27.7985    -0.0915 0.0000e+00
    368.000     4.1928     4.1659  32.927436    35.0382    27.7990    -0.0680 0.0000e+00
    369.000     4.2028     4.1757  32.938099    35.0397    27.7992    -0.0969 0.0000e+00
    370.000     4.2039     4.1767  32.940155    35.0404    27.7996    -0.0978 0.0000e+00
    371.000     4.2004     4.1732  32.936897    35.0398    27.7995    -0.0974 0.0000e+00
    372.000     4.1962     4.1689  32.933839    35.0400    27.8002    -0.0983 0.0000e+00
    373.000     4.1942     4.1669  32.933133    35.0408    27.8010    -0.1020 0.0000e+00
    374.000     4.1993     4.1719  32.938851    35.0416    27.8011    -0.0976 0.0000e+00
    375.000     4.1955     4.1679  32.935531    35.0412    27.8012    -0.0785 0.0000e+00
    376.000     4.1943     4.1667  32.934936    35.0412    27.8013    -0.0969 0.0000e+00
    377.000     4.1988     4.1711  32.940395    35.0424    27.8018    -0.0994 0.0000e+00
    378.000     4.2151     4.1873  32.957993    35.0453    27.8024    -0.0989 0.0000e+00
    379.000     4.2164     4.1886  32.959729    35.0454    27.8023    -0.1008 0.0000e+00
    380.000     4.2155     4.1876  32.959358    35.0454    27.8024    -0.0983 0.0000e+00
    381.000     4.2115     4.1835  32.955694    35.0448    27.8024    -0.0999 0.0000e+00
    382.000     4.2014     4.1734  32.946290    35.0439    27.8028    -0.1005 0.0000e+00
    383.000     4.1868     4.1587  32.932545    35.0427    27.8034    -0.1012 0.0000e+00
    384.000     4.1777     4.1496  32.924634    35.0424    27.8042    -0.0995 0.0000e+00
    385.000     4.1700     4.1418  32.918243    35.0425    27.8050    -0.0999 0.0000e+00
    386.000     4.1706     4.1423  32.918582    35.0417    27.8044    -0.0817 0.0000e+00
    387.000     4.1692     4.1409  32.918684    35.0428    27.8054    -0.1009 0.0000e+00
    388.000     4.1748     4.1463  32.924773    35.0436    27.8054    -0.1017 0.0000e+00
    389.000     4.1821     4.1535  32.933024    35.0450    27.8058    -0.0996 0.0000e+00
    390.000     4.1854     4.1568  32.937370    35.0461    27.8063    -0.0993 0.0000e+00
    391.000     4.1852     4.1565  32.937850    35.0464    27.8065    -0.0998 0.0000e+00
    392.000     4.1741     4.1454  32.927712    35.0456    27.8071    -0.1013 0.0000e+00
    393.000     4.1365     4.1078  32.891846    35.0426    27.8088    -0.1029 0.0000e+00
