tests/test_data/sbe_files/sbe911plus/atwain_cruise_ctds/AT286.cnv
* Sea-Bird SBE 9 Data File:
* FileName = C:\ATWAIN_2017\hex\AT286.hex
* Software Version Seasave V 7.21b
* Temperature SN = 2400
* Conductivity SN = 3234
* Number of Bytes Per Scan = 34
* Number of Voltage Words = 4
* Number of Scans Averaged by the Deck Unit = 1
* NMEA baud rate = 4800
** ATWAIN 2017
** R/V Lance
** Sounding depth: 496
** Latitude: 80 04.0840
** Longitude: 10 22.8474
# nquan = 8
# nvalues = 486                         
# units = specified
# name 0 = prDM: Pressure, Digiquartz [db]
# name 1 = t090C: Temperature [ITS-90, deg C]
# name 2 = potemp090C: Potential Temperature [ITS-90, deg C]
# name 3 = c0mS/cm: Conductivity [mS/cm]
# name 4 = sal00: Salinity, Practical [PSU]
# name 5 = sigma-é00: Density [sigma-theta, kg/m^3]
# name 6 = flECO-AFL: Fluorescence, WET Labs ECO-AFL/FL [mg/m^3]
# name 7 = flag: flag
# span 0 =      2.000,    487.000       
# span 1 =     3.5334,     6.5689       
# span 2 =     3.4997,     6.5620       
# span 3 =  32.396264,  34.917057       
# span 4 =    34.9153,    35.1172       
# span 5 =    27.4438,    27.8741       
# span 6 =    -0.1276,     1.4288       
# span 7 = 0.0000e+00, 0.0000e+00       
# interval = decibars: 1                
# start_time = Sep 24 2017 19:07:41 [System UTC, first data scan.]
# bad_flag = -9.990e-29
*END*
      2.000     6.3341     6.3339  34.600827    34.9194    27.4456     1.2410 0.0000e+00
      3.000     6.3235     6.3233  34.588011    34.9153    27.4438     1.3349 0.0000e+00
      4.000     6.3271     6.3268  34.593203    34.9170    27.4447     1.3979 0.0000e+00
      5.000     6.3348     6.3344  34.602327    34.9188    27.4451     1.4288 0.0000e+00
      6.000     6.3381     6.3376  34.607254    34.9204    27.4459     1.2294 0.0000e+00
      7.000     6.3388     6.3382  34.608256    34.9203    27.4458     1.2717 0.0000e+00
      8.000     6.3323     6.3316  34.601516    34.9189    27.4456     1.3118 0.0000e+00
      9.000     6.3375     6.3367  34.608306    34.9207    27.4463     1.1033 0.0000e+00
     10.000     6.3394     6.3386  34.610598    34.9207    27.4461     1.2702 0.0000e+00
     11.000     6.3411     6.3401  34.612555    34.9207    27.4458     1.1150 0.0000e+00
     12.000     6.3378     6.3367  34.609227    34.9199    27.4457     1.2335 0.0000e+00
     13.000     6.3375     6.3364  34.609174    34.9195    27.4454     1.1041 0.0000e+00
     14.000     6.3319     6.3307  34.603199    34.9181    27.4451     1.2001 0.0000e+00
     15.000     6.3299     6.3286  34.601484    34.9177    27.4450     1.1940 0.0000e+00
     16.000     6.3280     6.3266  34.599384    34.9168    27.4446     1.1468 0.0000e+00
     17.000     6.3257     6.3242  34.597433    34.9165    27.4446     1.2032 0.0000e+00
     18.000     6.3341     6.3325  34.607353    34.9185    27.4451     1.1694 0.0000e+00
     19.000     6.3341     6.3324  34.608218    34.9189    27.4454     1.1607 0.0000e+00
     20.000     6.3279     6.3262  34.601335    34.9170    27.4448     1.2838 0.0000e+00
     21.000     6.3298     6.3280  34.603938    34.9175    27.4449     1.1731 0.0000e+00
     22.000     6.3361     6.3342  34.611739    34.9193    27.4455     1.1695 0.0000e+00
     23.000     6.3402     6.3382  34.616747    34.9202    27.4457     1.2349 0.0000e+00
     24.000     6.3441     6.3420  34.622234    34.9218    27.4465     1.1770 0.0000e+00
     25.000     6.3456     6.3435  34.624382    34.9221    27.4465     1.1383 0.0000e+00
     26.000     6.3402     6.3379  34.618368    34.9204    27.4459     1.1336 0.0000e+00
     27.000     6.3392     6.3369  34.618100    34.9206    27.4462     1.1546 0.0000e+00
     28.000     6.3305     6.3280  34.607762    34.9175    27.4449     1.3359 0.0000e+00
     29.000     6.3293     6.3268  34.606599    34.9169    27.4446     1.1884 0.0000e+00
     30.000     6.3306     6.3280  34.608781    34.9175    27.4449     1.3110 0.0000e+00
     31.000     6.3398     6.3371  34.619977    34.9201    27.4458     1.1540 0.0000e+00
     32.000     6.3417     6.3389  34.623238    34.9212    27.4464     1.0573 0.0000e+00
     33.000     6.3511     6.3482  34.634818    34.9241    27.4474     1.1071 0.0000e+00
     34.000     6.3386     6.3356  34.619839    34.9196    27.4456     1.2120 0.0000e+00
     35.000     6.3468     6.3437  34.630639    34.9228    27.4470     1.2186 0.0000e+00
     36.000     6.3989     6.3957  34.691989    34.9376    27.4518     1.2755 0.0000e+00
     37.000     6.3926     6.3893  34.684088    34.9347    27.4504     1.0682 0.0000e+00
     38.000     6.3950     6.3916  34.688447    34.9366    27.4516     1.0992 0.0000e+00
     39.000     6.4026     6.3992  34.697323    34.9381    27.4518     1.1082 0.0000e+00
     40.000     6.4238     6.4202  34.721678    34.9432    27.4530     1.0820 0.0000e+00
     41.000     6.4265     6.4229  34.725182    34.9438    27.4531     1.0586 0.0000e+00
     42.000     6.4174     6.4137  34.716128    34.9424    27.4533     0.9909 0.0000e+00
     43.000     6.3919     6.3881  34.689611    34.9384    27.4535     1.1577 0.0000e+00
     44.000     6.3968     6.3929  34.694994    34.9389    27.4533     0.9781 0.0000e+00
     45.000     6.4019     6.3979  34.700819    34.9397    27.4532     1.0751 0.0000e+00
     46.000     6.3988     6.3948  34.697939    34.9391    27.4532     1.2147 0.0000e+00
     47.000     6.3977     6.3936  34.696558    34.9382    27.4526     1.1132 0.0000e+00
     48.000     6.3937     6.3895  34.693025    34.9378    27.4529     1.1951 0.0000e+00
     49.000     6.3962     6.3919  34.696153    34.9383    27.4529     1.1100 0.0000e+00
     50.000     6.3961     6.3917  34.696610    34.9384    27.4530     1.0556 0.0000e+00
     51.000     6.3959     6.3914  34.697054    34.9386    27.4532     1.1997 0.0000e+00
     52.000     6.3943     6.3897  34.695526    34.9380    27.4530     1.1566 0.0000e+00
     53.000     6.3962     6.3915  34.698251    34.9386    27.4532     1.0746 0.0000e+00
     54.000     6.4058     6.4010  34.708520    34.9397    27.4528     1.0674 0.0000e+00
     55.000     6.4059     6.4010  34.709045    34.9397    27.4528     1.1091 0.0000e+00
     56.000     6.3992     6.3943  34.703126    34.9394    27.4535     1.1531 0.0000e+00
     57.000     6.4064     6.4013  34.711310    34.9407    27.4536     1.1047 0.0000e+00
     58.000     6.4064     6.4013  34.711581    34.9405    27.4534     1.1223 0.0000e+00
     59.000     6.4236     6.4184  34.729660    34.9426    27.4528     1.1289 0.0000e+00
     60.000     6.4121     6.4069  34.718249    34.9410    27.4531     1.0863 0.0000e+00
     61.000     6.4170     6.4116  34.723785    34.9418    27.4530     1.2045 0.0000e+00
     62.000     6.4135     6.4081  34.720290    34.9409    27.4528     1.1103 0.0000e+00
     63.000     6.3991     6.3936  34.705192    34.9383    27.4527     1.1662 0.0000e+00
     64.000     6.4009     6.3952  34.707522    34.9385    27.4526     1.2041 0.0000e+00
     65.000     6.4135     6.4078  34.722222    34.9415    27.4533     1.3331 0.0000e+00
     66.000     6.4975     6.4916  34.814195    34.9577    27.4549     1.1540 0.0000e+00
     67.000     6.5012     6.4952  34.819026    34.9588    27.4553     0.9988 0.0000e+00
     68.000     6.5172     6.5111  34.839102    34.9643    27.4576     0.9204 0.0000e+00
     69.000     6.5309     6.5247  34.856498    34.9692    27.4596     0.8333 0.0000e+00
     70.000     6.5342     6.5279  34.861882    34.9713    27.4608     0.7923 0.0000e+00
     71.000     6.5457     6.5393  34.876913    34.9758    27.4628     0.8009 0.0000e+00
     72.000     6.5448     6.5384  34.877113    34.9764    27.4634     0.6666 0.0000e+00
     73.000     6.5501     6.5436  34.883323    34.9773    27.4635     0.5978 0.0000e+00
     74.000     6.5530     6.5464  34.888644    34.9798    27.4650     0.6087 0.0000e+00
     75.000     6.5597     6.5530  34.898287    34.9832    27.4668     0.6331 0.0000e+00
     76.000     6.5641     6.5573  34.906165    34.9870    27.4693     0.5993 0.0000e+00
     77.000     6.5689     6.5620  34.917057    34.9937    27.4739     0.5030 0.0000e+00
     78.000     6.5615     6.5545  34.916461    35.0001    27.4800     0.4818 0.0000e+00
     79.000     6.5490     6.5419  34.908547    35.0036    27.4844     0.4582 0.0000e+00
     80.000     6.5369     6.5298  34.905167    35.0117    27.4924     0.4175 0.0000e+00
     81.000     6.5206     6.5134  34.900756    35.0230    27.5035     0.3924 0.0000e+00
     82.000     6.5110     6.5037  34.904714    35.0367    27.5157     0.3330 0.0000e+00
     83.000     6.4961     6.4887  34.894537    35.0401    27.5204     0.2419 0.0000e+00
     84.000     6.4441     6.4367  34.852099    35.0456    27.5317     0.1944 0.0000e+00
     85.000     6.4213     6.4138  34.834764    35.0492    27.5376     0.1738 0.0000e+00
     86.000     6.4142     6.4066  34.832269    35.0532    27.5416     0.1431 0.0000e+00
     87.000     6.4096     6.4019  34.830028    35.0549    27.5436     0.1294 0.0000e+00
     88.000     6.3966     6.3888  34.823047    35.0599    27.5493     0.1165 0.0000e+00
     89.000     6.3779     6.3701  34.818364    35.0734    27.5625     0.0650 0.0000e+00
     90.000     6.3765     6.3685  34.818609    35.0746    27.5636     0.0516 0.0000e+00
     91.000     6.3697     6.3616  34.814711    35.0768    27.5663     0.0321 0.0000e+00
     92.000     6.3682     6.3601  34.814475    35.0775    27.5670     0.0193 0.0000e+00
     93.000     6.3609     6.3527  34.810483    35.0801    27.5700    -0.0031 0.0000e+00
     94.000     6.3408     6.3325  34.799963    35.0885    27.5793    -0.0024 0.0000e+00
     95.000     6.3252     6.3169  34.790421    35.0933    27.5852    -0.0326 0.0000e+00
     96.000     6.3182     6.3098  34.786032    35.0951    27.5876    -0.0367 0.0000e+00
     97.000     6.3136     6.3051  34.783349    35.0963    27.5891    -0.0268 0.0000e+00
     98.000     6.3112     6.3026  34.783082    35.0980    27.5908    -0.0284 0.0000e+00
     99.000     6.2977     6.2890  34.773673    35.1008    27.5948    -0.0679 0.0000e+00
    100.000     6.2856     6.2768  34.763936    35.1019    27.5973    -0.0475 0.0000e+00
    101.000     6.2709     6.2621  34.751800    35.1029    27.6000    -0.0333 0.0000e+00
    102.000     6.2607     6.2518  34.743807    35.1039    27.6022    -0.0658 0.0000e+00
    103.000     6.2505     6.2415  34.734867    35.1039    27.6035    -0.0571 0.0000e+00
    104.000     6.2254     6.2163  34.713255    35.1050    27.6077    -0.0913 0.0000e+00
    105.000     6.2192     6.2101  34.707994    35.1050    27.6085    -0.0762 0.0000e+00
    106.000     6.2155     6.2062  34.705081    35.1051    27.6091    -0.0735 0.0000e+00
    107.000     6.2144     6.2051  34.704276    35.1048    27.6090    -0.0693 0.0000e+00
    108.000     6.2091     6.1997  34.700112    35.1050    27.6099    -0.0671 0.0000e+00
    109.000     6.2069     6.1974  34.698481    35.1050    27.6102    -0.0689 0.0000e+00
    110.000     6.1976     6.1880  34.690995    35.1056    27.6119    -0.0704 0.0000e+00
    111.000     6.1823     6.1727  34.678373    35.1067    27.6147    -0.0688 0.0000e+00
    112.000     6.1591     6.1494  34.659074    35.1085    27.6192    -0.0714 0.0000e+00
    113.000     6.1471     6.1373  34.648778    35.1088    27.6210    -0.0709 0.0000e+00
    114.000     6.1441     6.1342  34.646670    35.1090    27.6216    -0.0713 0.0000e+00
    115.000     6.1415     6.1315  34.644600    35.1089    27.6218    -0.0705 0.0000e+00
    116.000     6.1324     6.1224  34.637400    35.1096    27.6236    -0.0862 0.0000e+00
    117.000     6.1208     6.1106  34.628030    35.1106    27.6259    -0.1017 0.0000e+00
    118.000     6.1146     6.1044  34.623186    35.1110    27.6270    -0.0733 0.0000e+00
    119.000     6.1053     6.0950  34.615795    35.1117    27.6288    -0.0705 0.0000e+00
    120.000     6.1009     6.0905  34.612541    35.1121    27.6297    -0.0829 0.0000e+00
    121.000     6.1005     6.0901  34.612439    35.1119    27.6296    -0.0784 0.0000e+00
    122.000     6.0993     6.0888  34.612001    35.1121    27.6299    -0.0783 0.0000e+00
    123.000     6.0981     6.0874  34.611339    35.1122    27.6301    -0.0945 0.0000e+00
    124.000     6.0918     6.0811  34.606351    35.1125    27.6312    -0.0834 0.0000e+00
    125.000     6.0688     6.0581  34.586700    35.1136    27.6350    -0.0692 0.0000e+00
    126.000     6.0529     6.0421  34.573861    35.1151    27.6383    -0.0865 0.0000e+00
    127.000     6.0437     6.0327  34.566588    35.1159    27.6402    -0.0811 0.0000e+00
    128.000     6.0437     6.0327  34.566878    35.1157    27.6400    -0.0672 0.0000e+00
    129.000     6.0408     6.0297  34.564143    35.1151    27.6400    -0.0689 0.0000e+00
    130.000     6.0401     6.0289  34.564374    35.1155    27.6403    -0.1020 0.0000e+00
    131.000     6.0397     6.0285  34.564587    35.1156    27.6405    -0.1015 0.0000e+00
    132.000     6.0397     6.0284  34.564900    35.1155    27.6404    -0.0842 0.0000e+00
    133.000     6.0396     6.0281  34.565206    35.1155    27.6405    -0.0951 0.0000e+00
    134.000     6.0393     6.0277  34.565340    35.1154    27.6404    -0.1031 0.0000e+00
    135.000     6.0388     6.0272  34.565334    35.1154    27.6405    -0.1022 0.0000e+00
    136.000     6.0357     6.0239  34.562970    35.1155    27.6410    -0.0761 0.0000e+00
    137.000     6.0263     6.0145  34.555278    35.1160    27.6426    -0.0718 0.0000e+00
    138.000     6.0249     6.0130  34.554612    35.1161    27.6429    -0.0925 0.0000e+00
    139.000     6.0108     5.9989  34.542343    35.1164    27.6449    -0.1051 0.0000e+00
    140.000     6.0044     5.9924  34.537324    35.1168    27.6461    -0.1012 0.0000e+00
    141.000     6.0091     5.9970  34.541737    35.1164    27.6451    -0.0728 0.0000e+00
    142.000     5.9906     5.9784  34.525519    35.1167    27.6478    -0.0977 0.0000e+00
    143.000     5.9858     5.9735  34.521435    35.1166    27.6483    -0.0943 0.0000e+00
    144.000     5.9698     5.9575  34.506980    35.1163    27.6502    -0.1017 0.0000e+00
    145.000     5.9640     5.9516  34.502263    35.1165    27.6511    -0.1050 0.0000e+00
    146.000     5.9646     5.9521  34.502986    35.1162    27.6508    -0.1005 0.0000e+00
    147.000     5.9665     5.9539  34.505025    35.1160    27.6504    -0.1029 0.0000e+00
    148.000     5.9475     5.9349  34.487729    35.1156    27.6524    -0.1026 0.0000e+00
    149.000     5.9348     5.9220  34.476701    35.1158    27.6543    -0.1043 0.0000e+00
    150.000     5.9081     5.8953  34.452409    35.1155    27.6574    -0.0967 0.0000e+00
    151.000     5.8907     5.8779  34.438262    35.1169    27.6608    -0.1017 0.0000e+00
    152.000     5.8393     5.8265  34.391916    35.1172    27.6676    -0.1055 0.0000e+00
    153.000     5.8372     5.8242  34.390353    35.1172    27.6678    -0.0991 0.0000e+00
    154.000     5.8178     5.8048  34.372828    35.1169    27.6701    -0.0897 0.0000e+00
    155.000     5.7965     5.7834  34.353468    35.1165    27.6725    -0.0969 0.0000e+00
    156.000     5.7795     5.7664  34.338558    35.1167    27.6748    -0.0986 0.0000e+00
    157.000     5.7869     5.7737  34.345198    35.1161    27.6733    -0.1016 0.0000e+00
    158.000     5.7525     5.7393  34.313789    35.1156    27.6773    -0.0961 0.0000e+00
    159.000     5.7522     5.7389  34.313507    35.1151    27.6769    -0.0994 0.0000e+00
    160.000     5.7374     5.7240  34.299563    35.1142    27.6781    -0.1028 0.0000e+00
    161.000     5.7258     5.7123  34.289115    35.1138    27.6792    -0.0892 0.0000e+00
    162.000     5.7054     5.6918  34.270486    35.1133    27.6814    -0.0921 0.0000e+00
    163.000     5.7014     5.6877  34.267144    35.1132    27.6818    -0.1017 0.0000e+00
    164.000     5.7073     5.6936  34.272930    35.1131    27.6810    -0.0986 0.0000e+00
    165.000     5.6991     5.6853  34.265664    35.1128    27.6818    -0.1014 0.0000e+00
    166.000     5.6984     5.6845  34.265377    35.1127    27.6819    -0.1005 0.0000e+00
    167.000     5.6921     5.6781  34.259573    35.1122    27.6822    -0.0947 0.0000e+00
    168.000     5.6852     5.6711  34.253340    35.1118    27.6828    -0.0975 0.0000e+00
    169.000     5.6797     5.6656  34.248594    35.1115    27.6832    -0.1041 0.0000e+00
    170.000     5.6742     5.6600  34.243942    35.1114    27.6839    -0.1012 0.0000e+00
    171.000     5.6744     5.6601  34.244512    35.1113    27.6838    -0.0934 0.0000e+00
    172.000     5.6649     5.6505  34.235447    35.1104    27.6843    -0.0977 0.0000e+00
    173.000     5.6437     5.6292  34.216512    35.1104    27.6869    -0.1001 0.0000e+00
    174.000     5.6310     5.6166  34.204490    35.1094    27.6877    -0.1002 0.0000e+00
    175.000     5.5612     5.5467  34.137605    35.1053    27.6931    -0.0983 0.0000e+00
    176.000     5.5423     5.5278  34.120853    35.1053    27.6954    -0.0991 0.0000e+00
    177.000     5.4913     5.4768  34.073108    35.1034    27.7002    -0.1001 0.0000e+00
    178.000     5.4897     5.4751  34.071723    35.1029    27.7000    -0.1046 0.0000e+00
    179.000     5.4964     5.4817  34.077710    35.1023    27.6987    -0.0949 0.0000e+00
    180.000     5.4795     5.4647  34.062655    35.1022    27.7007    -0.0985 0.0000e+00
