tests/test_data/sbe_files/sbe911plus/atwain_cruise_ctds/AT285.cnv
* Sea-Bird SBE 9 Data File:
* FileName = C:\ATWAIN_2017\hex\AT285.hex
* Software Version Seasave V 7.21b
* Temperature SN = 2400
* Conductivity SN = 3234
* Number of Bytes Per Scan = 34
* Number of Voltage Words = 4
* Number of Scans Averaged by the Deck Unit = 1
* NMEA baud rate = 4800
** ATWAIN 2017
** R/V Lance
** Sounding depth: 537
** Latitude: 80 06.7176
** Longitude: 009 52.4800
# nquan = 8
# nvalues = 527                         
# units = specified
# name 0 = prDM: Pressure, Digiquartz [db]
# name 1 = t090C: Temperature [ITS-90, deg C]
# name 2 = potemp090C: Potential Temperature [ITS-90, deg C]
# name 3 = c0mS/cm: Conductivity [mS/cm]
# name 4 = sal00: Salinity, Practical [PSU]
# name 5 = sigma-�00: Density [sigma-theta, kg/m^3]
# name 6 = flECO-AFL: Fluorescence, WET Labs ECO-AFL/FL [mg/m^3]
# name 7 = flag: flag
# span 0 =      3.000,    529.000       
# span 1 =     3.7670,     6.4762       
# span 2 =     3.7293,     6.4705       
# span 3 =  32.625221,  34.854872       
# span 4 =    34.9753,    35.1182       
# span 5 =    27.4865,    27.8684       
# span 6 =    -0.1243,     1.5364       
# span 7 = 0.0000e+00, 0.0000e+00       
# interval = decibars: 1                
# start_time = Sep 24 2017 17:52:49 [System UTC, first data scan.]
# bad_flag = -9.990e-29
*END*
[from data line 180]
    183.000     5.1860     5.1714  33.805568    35.1125    27.7443    -0.1017 0.0000e+00
    184.000     5.1853     5.1707  33.805319    35.1124    27.7443    -0.0976 0.0000e+00
    185.000     5.1757     5.1609  33.798840    35.1146    27.7472    -0.0975 0.0000e+00
    186.000     5.1791     5.1643  33.801674    35.1137    27.7461    -0.0909 0.0000e+00
    187.000     5.1703     5.1554  33.795462    35.1152    27.7483    -0.1000 0.0000e+00
    188.000     5.1618     5.1468  33.788483    35.1156    27.7497    -0.1011 0.0000e+00
    189.000     5.1596     5.1446  33.786945    35.1156    27.7499    -0.0963 0.0000e+00
    190.000     5.1613     5.1461  33.788720    35.1154    27.7496    -0.0985 0.0000e+00
    191.000     5.1505     5.1352  33.779083    35.1151    27.7507    -0.0945 0.0000e+00
    192.000     5.1409     5.1257  33.770819    35.1150    27.7517    -0.1005 0.0000e+00
    193.000     5.1387     5.1234  33.769249    35.1150    27.7520    -0.0963 0.0000e+00
    194.000     5.1393     5.1239  33.770183    35.1149    27.7519    -0.0989 0.0000e+00
    195.000     5.1407     5.1251  33.771805    35.1148    27.7517    -0.1016 0.0000e+00
    196.000     5.1425     5.1269  33.774063    35.1150    27.7516    -0.1010 0.0000e+00
    197.000     5.1434     5.1278  33.775292    35.1149    27.7514    -0.0989 0.0000e+00
    198.000     5.1439     5.1282  33.776182    35.1149    27.7513    -0.0981 0.0000e+00
    199.000     5.1433     5.1274  33.776115    35.1150    27.7515    -0.0993 0.0000e+00
    200.000     5.1397     5.1238  33.773534    35.1152    27.7521    -0.0981 0.0000e+00
    201.000     5.1314     5.1155  33.766601    35.1153    27.7532    -0.0998 0.0000e+00
    202.000     5.1057     5.0897  33.743433    35.1151    27.7560    -0.0957 0.0000e+00
    203.000     5.0650     5.0489  33.704552    35.1124    27.7588    -0.0987 0.0000e+00
    204.000     5.0034     4.9874  33.644816    35.1075    27.7620    -0.0999 0.0000e+00
    205.000     4.9890     4.9730  33.631136    35.1062    27.7627    -0.0951 0.0000e+00
    206.000     4.9564     4.9403  33.599251    35.1031    27.7640    -0.0993 0.0000e+00
    207.000     4.9535     4.9373  33.597266    35.1034    27.7646    -0.0999 0.0000e+00
    208.000     4.9211     4.9049  33.565010    35.0995    27.7653    -0.1100 0.0000e+00
    209.000     4.8978     4.8816  33.543617    35.0987    27.7674    -0.1001 0.0000e+00
    210.000     4.8917     4.8754  33.537907    35.0979    27.7675    -0.0974 0.0000e+00
    211.000     4.9072     4.8908  33.552674    35.0982    27.7659    -0.1001 0.0000e+00
    212.000     4.8861     4.8697  33.532698    35.0967    27.7672    -0.1047 0.0000e+00
    213.000     4.8777     4.8612  33.525365    35.0965    27.7680    -0.0977 0.0000e+00
    214.000     4.8743     4.8577  33.522382    35.0961    27.7681    -0.1009 0.0000e+00
    215.000     4.8720     4.8554  33.520426    35.0957    27.7680    -0.1086 0.0000e+00
    216.000     4.8669     4.8501  33.515904    35.0953    27.7683    -0.1082 0.0000e+00
    217.000     4.8625     4.8456  33.512181    35.0951    27.7687    -0.1168 0.0000e+00
    218.000     4.8636     4.8467  33.513753    35.0952    27.7686    -0.1043 0.0000e+00
    219.000     4.8537     4.8368  33.504770    35.0947    27.7693    -0.1016 0.0000e+00
    220.000     4.8405     4.8235  33.493188    35.0946    27.7708    -0.1021 0.0000e+00
    221.000     4.8364     4.8193  33.489691    35.0943    27.7711    -0.0987 0.0000e+00
    222.000     4.8355     4.8183  33.489137    35.0941    27.7710    -0.1000 0.0000e+00
    223.000     4.8323     4.8151  33.486553    35.0939    27.7712    -0.0963 0.0000e+00
    224.000     4.8296     4.8122  33.484277    35.0937    27.7714    -0.0952 0.0000e+00
    225.000     4.8151     4.7977  33.470954    35.0929    27.7724    -0.0954 0.0000e+00
    226.000     4.8014     4.7840  33.458817    35.0927    27.7739    -0.0985 0.0000e+00
    227.000     4.7977     4.7802  33.455715    35.0924    27.7741    -0.1058 0.0000e+00
    228.000     4.7960     4.7784  33.454582    35.0924    27.7742    -0.0962 0.0000e+00
    229.000     4.7936     4.7760  33.452734    35.0922    27.7744    -0.0982 0.0000e+00
    230.000     4.7870     4.7693  33.447128    35.0921    27.7750    -0.1004 0.0000e+00
    231.000     4.7814     4.7636  33.442584    35.0922    27.7758    -0.0969 0.0000e+00
    232.000     4.7681     4.7503  33.430846    35.0920    27.7772    -0.0986 0.0000e+00
    233.000     4.7600     4.7421  33.423509    35.0915    27.7777    -0.0998 0.0000e+00
    234.000     4.7571     4.7392  33.421100    35.0912    27.7778    -0.0972 0.0000e+00
    235.000     4.7475     4.7294  33.412050    35.0903    27.7782    -0.0996 0.0000e+00
    236.000     4.7385     4.7204  33.403409    35.0892    27.7783    -0.1106 0.0000e+00
    237.000     4.7280     4.7099  33.393374    35.0880    27.7786    -0.1023 0.0000e+00
    238.000     4.7151     4.6969  33.380911    35.0866    27.7789    -0.0987 0.0000e+00
    239.000     4.6941     4.6759  33.359687    35.0834    27.7788    -0.0984 0.0000e+00
    240.000     4.6672     4.6490  33.332932    35.0801    27.7792    -0.0996 0.0000e+00
    241.000     4.6500     4.6317  33.316216    35.0782    27.7796    -0.0986 0.0000e+00
    242.000     4.6407     4.6223  33.307229    35.0770    27.7798    -0.0986 0.0000e+00
    243.000     4.6423     4.6239  33.308789    35.0766    27.7792    -0.0964 0.0000e+00
    244.000     4.6400     4.6215  33.306916    35.0763    27.7793    -0.0963 0.0000e+00
    245.000     4.6386     4.6200  33.305905    35.0761    27.7793    -0.1000 0.0000e+00
    246.000     4.6296     4.6109  33.297011    35.0747    27.7792    -0.0995 0.0000e+00
    247.000     4.6261     4.6074  33.294257    35.0746    27.7795    -0.1005 0.0000e+00
    248.000     4.6270     4.6082  33.296436    35.0757    27.7803    -0.0999 0.0000e+00
    249.000     4.5987     4.5798  33.268590    35.0725    27.7810    -0.1039 0.0000e+00
    250.000     4.5782     4.5593  33.249088    35.0708    27.7819    -0.1016 0.0000e+00
    251.000     4.5713     4.5524  33.242232    35.0696    27.7817    -0.1020 0.0000e+00
    252.000     4.5690     4.5500  33.240092    35.0690    27.7815    -0.1011 0.0000e+00
    253.000     4.5742     4.5552  33.247524    35.0716    27.7830    -0.0981 0.0000e+00
    254.000     4.5678     4.5487  33.243248    35.0728    27.7847    -0.1038 0.0000e+00
    255.000     4.5543     4.5351  33.230807    35.0721    27.7856    -0.1011 0.0000e+00
    256.000     4.5511     4.5318  33.227823    35.0714    27.7855    -0.0960 0.0000e+00
    257.000     4.5503     4.5310  33.227511    35.0713    27.7855    -0.1021 0.0000e+00
    258.000     4.5498     4.5304  33.227626    35.0715    27.7857    -0.1005 0.0000e+00
    259.000     4.5492     4.5297  33.227356    35.0713    27.7856    -0.0987 0.0000e+00
    260.000     4.5484     4.5288  33.227023    35.0712    27.7856    -0.0962 0.0000e+00
    261.000     4.5479     4.5282  33.227094    35.0713    27.7857    -0.0953 0.0000e+00
    262.000     4.5494     4.5296  33.228990    35.0714    27.7857    -0.0970 0.0000e+00
    263.000     4.5469     4.5271  33.227036    35.0712    27.7858    -0.0963 0.0000e+00
    264.000     4.5468     4.5269  33.227488    35.0713    27.7859    -0.0973 0.0000e+00
    265.000     4.5472     4.5272  33.228441    35.0715    27.7860    -0.0998 0.0000e+00
    266.000     4.5440     4.5240  33.225927    35.0714    27.7863    -0.0973 0.0000e+00
    267.000     4.5420     4.5219  33.224441    35.0712    27.7864    -0.0977 0.0000e+00
    268.000     4.5402     4.5201  33.223145    35.0710    27.7864    -0.0983 0.0000e+00
    269.000     4.5386     4.5184  33.222086    35.0710    27.7866    -0.0971 0.0000e+00
    270.000     4.5376     4.5173  33.221588    35.0709    27.7867    -0.0975 0.0000e+00
    271.000     4.5365     4.5161  33.220957    35.0708    27.7867    -0.1032 0.0000e+00
    272.000     4.5310     4.5106  33.216493    35.0708    27.7874    -0.0986 0.0000e+00
    273.000     4.5279     4.5073  33.214102    35.0708    27.7877    -0.0966 0.0000e+00
    274.000     4.5114     4.4909  33.199030    35.0700    27.7889    -0.1022 0.0000e+00
    275.000     4.5026     4.4820  33.191284    35.0697    27.7897    -0.0988 0.0000e+00
    276.000     4.4986     4.4779  33.187779    35.0694    27.7898    -0.0953 0.0000e+00
    277.000     4.4920     4.4712  33.182035    35.0691    27.7903    -0.0862 0.0000e+00
    278.000     4.4878     4.4669  33.178329    35.0687    27.7905    -0.1002 0.0000e+00
    279.000     4.4812     4.4603  33.172878    35.0688    27.7913    -0.0962 0.0000e+00
    280.000     4.4813     4.4603  33.173511    35.0689    27.7914    -0.0990 0.0000e+00
    281.000     4.4837     4.4627  33.176127    35.0688    27.7911    -0.0993 0.0000e+00
    282.000     4.4796     4.4584  33.172792    35.0687    27.7915    -0.1003 0.0000e+00
    283.000     4.4772     4.4560  33.171018    35.0687    27.7917    -0.0987 0.0000e+00
    284.000     4.4754     4.4541  33.169727    35.0685    27.7918    -0.0979 0.0000e+00
    285.000     4.4755     4.4541  33.170161    35.0684    27.7917    -0.0985 0.0000e+00
    286.000     4.4562     4.4348  33.151919    35.0669    27.7926    -0.0986 0.0000e+00
    287.000     4.4352     4.4138  33.132397    35.0657    27.7940    -0.0986 0.0000e+00
    288.000     4.4310     4.4095  33.128662    35.0652    27.7941    -0.1006 0.0000e+00
    289.000     4.4284     4.4069  33.126460    35.0648    27.7940    -0.1013 0.0000e+00
    290.000     4.4267     4.4051  33.125225    35.0647    27.7941    -0.0993 0.0000e+00
    291.000     4.4245     4.4028  33.123588    35.0645    27.7943    -0.0992 0.0000e+00
    292.000     4.4245     4.4027  33.124190    35.0647    27.7944    -0.0964 0.0000e+00
    293.000     4.4217     4.3999  33.122439    35.0651    27.7950    -0.0974 0.0000e+00
    294.000     4.4209     4.3990  33.122218    35.0652    27.7952    -0.0884 0.0000e+00
    295.000     4.4213     4.3993  33.123054    35.0652    27.7952    -0.0989 0.0000e+00
    296.000     4.4226     4.4005  33.124947    35.0655    27.7952    -0.0987 0.0000e+00
    297.000     4.4225     4.4003  33.125310    35.0655    27.7953    -0.0995 0.0000e+00
    298.000     4.4215     4.3992  33.124595    35.0652    27.7952    -0.1014 0.0000e+00
    299.000     4.4250     4.4027  33.129161    35.0663    27.7956    -0.1083 0.0000e+00
    300.000     4.4343     4.4119  33.139304    35.0678    27.7959    -0.0963 0.0000e+00
    301.000     4.4417     4.4192  33.147699    35.0693    27.7962    -0.0972 0.0000e+00
    302.000     4.4392     4.4166  33.145870    35.0692    27.7965    -0.0984 0.0000e+00
    303.000     4.4281     4.4055  33.135330    35.0681    27.7968    -0.0985 0.0000e+00
    304.000     4.4263     4.4036  33.133899    35.0678    27.7968    -0.0963 0.0000e+00
    305.000     4.4253     4.4025  33.133622    35.0680    27.7970    -0.0994 0.0000e+00
    306.000     4.4271     4.4042  33.135673    35.0680    27.7969    -0.1010 0.0000e+00
    307.000     4.4288     4.4058  33.138472    35.0690    27.7975    -0.0999 0.0000e+00
    308.000     4.4307     4.4076  33.140938    35.0693    27.7975    -0.1029 0.0000e+00
    309.000     4.4326     4.4095  33.143581    35.0698    27.7977    -0.0987 0.0000e+00
    310.000     4.4341     4.4109  33.145908    35.0705    27.7981    -0.0987 0.0000e+00
    311.000     4.4342     4.4109  33.146508    35.0705    27.7981    -0.0977 0.0000e+00
    312.000     4.4342     4.4109  33.147347    35.0710    27.7985    -0.0978 0.0000e+00
    313.000     4.4329     4.4095  33.147261    35.0717    27.7992    -0.1017 0.0000e+00
    314.000     4.4327     4.4092  33.147617    35.0718    27.7993    -0.1012 0.0000e+00
    315.000     4.4327     4.4092  33.148229    35.0720    27.7995    -0.1018 0.0000e+00
    316.000     4.4340     4.4104  33.150340    35.0725    27.7998    -0.1055 0.0000e+00
    317.000     4.4353     4.4115  33.152693    35.0735    27.8004    -0.1046 0.0000e+00
    318.000     4.4322     4.4084  33.150497    35.0735    27.8008    -0.1029 0.0000e+00
    319.000     4.4300     4.4061  33.149062    35.0737    27.8012    -0.1011 0.0000e+00
    320.000     4.4298     4.4058  33.149144    35.0735    27.8011    -0.0976 0.0000e+00
    321.000     4.4297     4.4057  33.149593    35.0735    27.8011    -0.1013 0.0000e+00
    322.000     4.4297     4.4056  33.150194    35.0737    27.8013    -0.0991 0.0000e+00
    323.000     4.4281     4.4039  33.149393    35.0740    27.8016    -0.0987 0.0000e+00
    324.000     4.4255     4.4013  33.147735    35.0742    27.8021    -0.0982 0.0000e+00
    325.000     4.4224     4.3980  33.145476    35.0744    27.8027    -0.0984 0.0000e+00
    326.000     4.4189     4.3945  33.142917    35.0745    27.8031    -0.0989 0.0000e+00
    327.000     4.4170     4.3925  33.141859    35.0748    27.8035    -0.1006 0.0000e+00
    328.000     4.4148     4.3903  33.140442    35.0749    27.8039    -0.0956 0.0000e+00
    329.000     4.4102     4.3856  33.136802    35.0749    27.8044    -0.0706 0.0000e+00
    330.000     4.4078     4.3831  33.135067    35.0750    27.8047    -0.0982 0.0000e+00
    331.000     4.4053     4.3805  33.133219    35.0749    27.8049    -0.1007 0.0000e+00
    332.000     4.3977     4.3729  33.126864    35.0750    27.8058    -0.1033 0.0000e+00
    333.000     4.3962     4.3713  33.125904    35.0749    27.8059    -0.1010 0.0000e+00
    334.000     4.3863     4.3614  33.117185    35.0746    27.8068    -0.1023 0.0000e+00
    335.000     4.3844     4.3594  33.115766    35.0744    27.8069    -0.0998 0.0000e+00
    336.000     4.3813     4.3563  33.113193    35.0741    27.8070    -0.0992 0.0000e+00
    337.000     4.3795     4.3544  33.112016    35.0741    27.8072    -0.1040 0.0000e+00
    338.000     4.3716     4.3464  33.104721    35.0734    27.8075    -0.1048 0.0000e+00
    339.000     4.3619     4.3367  33.096374    35.0733    27.8085    -0.1014 0.0000e+00
    340.000     4.3650     4.3397  33.098751    35.0723    27.8073    -0.1026 0.0000e+00
    341.000     4.3343     4.3090  33.070531    35.0711    27.8098    -0.0956 0.0000e+00
    342.000     4.3282     4.3028  33.065217    35.0708    27.8102    -0.1021 0.0000e+00
    343.000     4.3205     4.2951  33.058035    35.0700    27.8104    -0.1028 0.0000e+00
    344.000     4.3227     4.2972  33.060476    35.0700    27.8102    -0.1032 0.0000e+00
    345.000     4.3188     4.2932  33.057147    35.0697    27.8104    -0.1010 0.0000e+00
    346.000     4.3161     4.2905  33.054856    35.0693    27.8103    -0.1020 0.0000e+00
    347.000     4.3127     4.2870  33.051925    35.0690    27.8104    -0.1026 0.0000e+00
    348.000     4.3120     4.2862  33.051579    35.0687    27.8103    -0.1027 0.0000e+00
    349.000     4.3124     4.2865  33.052375    35.0687    27.8103    -0.1014 0.0000e+00
    350.000     4.3121     4.2861  33.052560    35.0687    27.8104    -0.1033 0.0000e+00
    351.000     4.3117     4.2857  33.052540    35.0686    27.8103    -0.1036 0.0000e+00
    352.000     4.3095     4.2834  33.050745    35.0683    27.8103    -0.1040 0.0000e+00
    353.000     4.3083     4.2821  33.050238    35.0684    27.8106    -0.1015 0.0000e+00
    354.000     4.3091     4.2829  33.051360    35.0684    27.8104    -0.1002 0.0000e+00
    355.000     4.3099     4.2836  33.052652    35.0685    27.8104    -0.0987 0.0000e+00
    356.000     4.3040     4.2776  33.047335    35.0680    27.8107    -0.0999 0.0000e+00
    357.000     4.2992     4.2727  33.043228    35.0677    27.8110    -0.1017 0.0000e+00
    358.000     4.2973     4.2708  33.041937    35.0677    27.8112    -0.0965 0.0000e+00
    359.000     4.3009     4.2743  33.045746    35.0678    27.8109    -0.0972 0.0000e+00
    360.000     4.2829     4.2563  33.028533    35.0660    27.8114    -0.1001 0.0000e+00
    361.000     4.2756     4.2489  33.022387    35.0660    27.8122    -0.1049 0.0000e+00
