tests/test_data/sbe_files/sbe911plus/atwain_cruise_ctds/AT287.cnv
* Sea-Bird SBE 9 Data File:
* FileName = C:\ATWAIN_2017\hex\AT287.hex
* Software Version Seasave V 7.21b
* Temperature SN = 2400
* Conductivity SN = 3234
* Number of Bytes Per Scan = 34
* Number of Voltage Words = 4
* Number of Scans Averaged by the Deck Unit = 1
* NMEA baud rate = 4800
** ATWAIN 2017
** R/V Lance
** Sounding depth: 400
** Latitude: 80 02.5742
** Longitude: 10 44.7827
# nquan = 8
# nvalues = 392                         
# units = specified
# name 0 = prDM: Pressure, Digiquartz [db]
# name 1 = t090C: Temperature [ITS-90, deg C]
# name 2 = potemp090C: Potential Temperature [ITS-90, deg C]
# name 3 = c0mS/cm: Conductivity [mS/cm]
# name 4 = sal00: Salinity, Practical [PSU]
# name 5 = sigma-é00: Density [sigma-theta, kg/m^3]
# name 6 = flECO-AFL: Fluorescence, WET Labs ECO-AFL/FL [mg/m^3]
# name 7 = flag: flag
# span 0 =      2.000,    393.000       
# span 1 =     4.1365,     6.5280       
# span 2 =     4.1078,     6.5218       
# span 3 =  32.891846,  34.913048       
# span 4 =    34.7712,    35.1176       
# span 5 =    27.3739,    27.8088       
# span 6 =    -0.1149,     1.6824       
# span 7 = 0.0000e+00, 0.0000e+00       
# interval = decibars: 1                
# start_time = Sep 24 2017 20:16:23 [System UTC, first data scan.]
# bad_flag = -9.990e-29
*END*
[from data line 180]
    182.000     5.5214     5.5064  34.110737    35.1125    27.7038    -0.1010 0.0000e+00
    183.000     5.4888     5.4738  34.080523    35.1114    27.7069    -0.1000 0.0000e+00
    184.000     5.4554     5.4404  34.050366    35.1112    27.7108    -0.0931 0.0000e+00
    185.000     5.4425     5.4273  34.039257    35.1115    27.7127    -0.0904 0.0000e+00
    186.000     5.4389     5.4237  34.036589    35.1116    27.7132    -0.0989 0.0000e+00
    187.000     5.4374     5.4222  34.035770    35.1117    27.7135    -0.1005 0.0000e+00
    188.000     5.4240     5.4087  34.024338    35.1121    27.7154    -0.0999 0.0000e+00
    189.000     5.4204     5.4049  34.021667    35.1123    27.7161    -0.0988 0.0000e+00
    190.000     5.4190     5.4035  34.021358    35.1129    27.7167    -0.0984 0.0000e+00
    191.000     5.4151     5.3995  34.018023    35.1126    27.7169    -0.1006 0.0000e+00
    192.000     5.4001     5.3844  34.005507    35.1135    27.7194    -0.0990 0.0000e+00
    193.000     5.3940     5.3783  34.000750    35.1139    27.7205    -0.0963 0.0000e+00
    194.000     5.3935     5.3777  34.000728    35.1138    27.7205    -0.0996 0.0000e+00
    195.000     5.3882     5.3723  33.996658    35.1142    27.7215    -0.1025 0.0000e+00
    196.000     5.3781     5.3622  33.988084    35.1144    27.7228    -0.0986 0.0000e+00
    197.000     5.3657     5.3497  33.976886    35.1140    27.7240    -0.1001 0.0000e+00
    198.000     5.3478     5.3318  33.961437    35.1144    27.7266    -0.0990 0.0000e+00
    199.000     5.3410     5.3249  33.956416    35.1153    27.7281    -0.0990 0.0000e+00
    200.000     5.3231     5.3069  33.941751    35.1166    27.7313    -0.0971 0.0000e+00
    201.000     5.3225     5.3062  33.941708    35.1167    27.7314    -0.0991 0.0000e+00
    202.000     5.3192     5.3028  33.939147    35.1167    27.7319    -0.1001 0.0000e+00
    203.000     5.3085     5.2920  33.930623    35.1176    27.7339    -0.0973 0.0000e+00
    204.000     5.3069     5.2904  33.929615    35.1176    27.7341    -0.1001 0.0000e+00
    205.000     5.3046     5.2880  33.927774    35.1173    27.7342    -0.1037 0.0000e+00
    206.000     5.2955     5.2789  33.919951    35.1173    27.7353    -0.1149 0.0000e+00
    207.000     5.2899     5.2731  33.915429    35.1175    27.7361    -0.1031 0.0000e+00
    208.000     5.2938     5.2770  33.919435    35.1175    27.7356    -0.0991 0.0000e+00
    209.000     5.2936     5.2767  33.919389    35.1171    27.7354    -0.1118 0.0000e+00
    210.000     5.2950     5.2780  33.921153    35.1171    27.7352    -0.1094 0.0000e+00
    211.000     5.2953     5.2782  33.921813    35.1171    27.7352    -0.1003 0.0000e+00
    212.000     5.2881     5.2710  33.915525    35.1169    27.7358    -0.0984 0.0000e+00
    213.000     5.2671     5.2500  33.895986    35.1158    27.7375    -0.0996 0.0000e+00
    214.000     5.2458     5.2286  33.876810    35.1156    27.7399    -0.0974 0.0000e+00
    215.000     5.2353     5.2180  33.867834    35.1158    27.7413    -0.0983 0.0000e+00
    216.000     5.2052     5.1879  33.840841    35.1157    27.7449    -0.0979 0.0000e+00
    217.000     5.1974     5.1800  33.833959    35.1154    27.7456    -0.1008 0.0000e+00
    218.000     5.1969     5.1795  33.833952    35.1153    27.7456    -0.0990 0.0000e+00
    219.000     5.1940     5.1765  33.831309    35.1148    27.7455    -0.0994 0.0000e+00
    220.000     5.1936     5.1760  33.831412    35.1148    27.7456    -0.1036 0.0000e+00
    221.000     5.1882     5.1705  33.826650    35.1145    27.7460    -0.0988 0.0000e+00
    222.000     5.1903     5.1725  33.829053    35.1146    27.7458    -0.1003 0.0000e+00
    223.000     5.1840     5.1661  33.823300    35.1141    27.7462    -0.1018 0.0000e+00
    224.000     5.1743     5.1564  33.814699    35.1138    27.7471    -0.0999 0.0000e+00
    225.000     5.1583     5.1403  33.800375    35.1135    27.7488    -0.1015 0.0000e+00
    226.000     5.1522     5.1341  33.795534    35.1138    27.7498    -0.0924 0.0000e+00
    227.000     5.1513     5.1332  33.795938    35.1146    27.7505    -0.1055 0.0000e+00
    228.000     5.1491     5.1309  33.794945    35.1153    27.7513    -0.1014 0.0000e+00
    229.000     5.1492     5.1309  33.795605    35.1155    27.7515    -0.0977 0.0000e+00
    230.000     5.1498     5.1314  33.796691    35.1156    27.7515    -0.0979 0.0000e+00
    231.000     5.1493     5.1308  33.796915    35.1158    27.7517    -0.0994 0.0000e+00
    232.000     5.1494     5.1309  33.797955    35.1163    27.7522    -0.1065 0.0000e+00
    233.000     5.1466     5.1279  33.796292    35.1169    27.7530    -0.1020 0.0000e+00
    234.000     5.1417     5.1231  33.792469    35.1170    27.7536    -0.0971 0.0000e+00
    235.000     5.1369     5.1182  33.788216    35.1166    27.7539    -0.0992 0.0000e+00
    236.000     5.1324     5.1136  33.784428    35.1165    27.7543    -0.1026 0.0000e+00
    237.000     5.1182     5.0993  33.772098    35.1166    27.7561    -0.0984 0.0000e+00
    238.000     5.1092     5.0903  33.764204    35.1164    27.7570    -0.1036 0.0000e+00
    239.000     5.0928     5.0737  33.748732    35.1153    27.7581    -0.1023 0.0000e+00
    240.000     5.0812     5.0621  33.738348    35.1149    27.7592    -0.1007 0.0000e+00
    241.000     5.0732     5.0540  33.731113    35.1145    27.7598    -0.1034 0.0000e+00
    242.000     5.0678     5.0486  33.726296    35.1141    27.7601    -0.1019 0.0000e+00
    243.000     5.0664     5.0471  33.725312    35.1138    27.7601    -0.0997 0.0000e+00
    244.000     5.0638     5.0444  33.723495    35.1140    27.7605    -0.1020 0.0000e+00
    245.000     5.0594     5.0400  33.719895    35.1138    27.7609    -0.0997 0.0000e+00
    246.000     5.0547     5.0352  33.715641    35.1134    27.7611    -0.1021 0.0000e+00
    247.000     5.0514     5.0318  33.713058    35.1133    27.7615    -0.1120 0.0000e+00
    248.000     5.0499     5.0302  33.712123    35.1133    27.7617    -0.1060 0.0000e+00
    249.000     5.0440     5.0243  33.706829    35.1128    27.7620    -0.0957 0.0000e+00
    250.000     5.0274     5.0076  33.691583    35.1122    27.7634    -0.0996 0.0000e+00
    251.000     5.0160     4.9962  33.681303    35.1117    27.7643    -0.0964 0.0000e+00
    252.000     5.0001     4.9802  33.666709    35.1110    27.7657    -0.0985 0.0000e+00
    253.000     4.9857     4.9657  33.653777    35.1107    27.7671    -0.1010 0.0000e+00
    254.000     4.9746     4.9546  33.643235    35.1096    27.7676    -0.1018 0.0000e+00
    255.000     4.9722     4.9522  33.641543    35.1096    27.7678    -0.0983 0.0000e+00
    256.000     4.9679     4.9478  33.637742    35.1092    27.7680    -0.0991 0.0000e+00
    257.000     4.9627     4.9425  33.633174    35.1089    27.7684    -0.1017 0.0000e+00
    258.000     4.9502     4.9299  33.621777    35.1083    27.7694    -0.0962 0.0000e+00
    259.000     4.9482     4.9279  33.620448    35.1083    27.7696    -0.1025 0.0000e+00
    260.000     4.9415     4.9211  33.614622    35.1081    27.7702    -0.1015 0.0000e+00
    261.000     4.9315     4.9110  33.605350    35.1073    27.7708    -0.0999 0.0000e+00
    262.000     4.9218     4.9012  33.596358    35.1066    27.7714    -0.1008 0.0000e+00
    263.000     4.9188     4.8982  33.593708    35.1061    27.7713    -0.1008 0.0000e+00
    264.000     4.8952     4.8746  33.571065    35.1041    27.7725    -0.1020 0.0000e+00
    265.000     4.8687     4.8481  33.545195    35.1015    27.7735    -0.0987 0.0000e+00
    266.000     4.8558     4.8351  33.533302    35.1007    27.7743    -0.1000 0.0000e+00
    267.000     4.8515     4.8307  33.529432    35.1003    27.7745    -0.0978 0.0000e+00
    268.000     4.8481     4.8273  33.526425    35.0998    27.7745    -0.1021 0.0000e+00
    269.000     4.8442     4.8233  33.522813    35.0992    27.7745    -0.1116 0.0000e+00
    270.000     4.8255     4.8046  33.504881    35.0975    27.7753    -0.0976 0.0000e+00
    271.000     4.8179     4.7969  33.498294    35.0973    27.7760    -0.1000 0.0000e+00
    272.000     4.8195     4.7984  33.500350    35.0975    27.7760    -0.0985 0.0000e+00
    273.000     4.8134     4.7923  33.495117    35.0973    27.7765    -0.1036 0.0000e+00
    274.000     4.8047     4.7835  33.487097    35.0966    27.7770    -0.0980 0.0000e+00
    275.000     4.8032     4.7819  33.486069    35.0965    27.7771    -0.0952 0.0000e+00
    276.000     4.7906     4.7692  33.473789    35.0950    27.7774    -0.0991 0.0000e+00
    277.000     4.7681     4.7467  33.452506    35.0934    27.7787    -0.0950 0.0000e+00
    278.000     4.7588     4.7374  33.443749    35.0924    27.7790    -0.1036 0.0000e+00
    279.000     4.7497     4.7282  33.435312    35.0917    27.7794    -0.0972 0.0000e+00
    280.000     4.7390     4.7175  33.424693    35.0901    27.7794    -0.0983 0.0000e+00
    281.000     4.7394     4.7177  33.426533    35.0913    27.7803    -0.0963 0.0000e+00
    282.000     4.7373     4.7156  33.425195    35.0914    27.7806    -0.0998 0.0000e+00
    283.000     4.7352     4.7134  33.423647    35.0913    27.7808    -0.0990 0.0000e+00
    284.000     4.7298     4.7079  33.418740    35.0908    27.7810    -0.1019 0.0000e+00
    285.000     4.7113     4.6894  33.401290    35.0894    27.7820    -0.1102 0.0000e+00
    286.000     4.6779     4.6560  33.369064    35.0865    27.7835    -0.1017 0.0000e+00
    287.000     4.6667     4.6448  33.358313    35.0853    27.7838    -0.0943 0.0000e+00
    288.000     4.6663     4.6443  33.358619    35.0856    27.7841    -0.0938 0.0000e+00
    289.000     4.6662     4.6441  33.359172    35.0858    27.7843    -0.0951 0.0000e+00
    290.000     4.6668     4.6447  33.360590    35.0862    27.7846    -0.0973 0.0000e+00
    291.000     4.6669     4.6447  33.360944    35.0860    27.7844    -0.0992 0.0000e+00
    292.000     4.6651     4.6428  33.359712    35.0860    27.7846    -0.0975 0.0000e+00
    293.000     4.6597     4.6373  33.354900    35.0855    27.7848    -0.1126 0.0000e+00
    294.000     4.6576     4.6351  33.353550    35.0857    27.7852    -0.0969 0.0000e+00
    295.000     4.6568     4.6342  33.353390    35.0858    27.7854    -0.1003 0.0000e+00
    296.000     4.6530     4.6304  33.350040    35.0853    27.7854    -0.0962 0.0000e+00
    297.000     4.6439     4.6212  33.341788    35.0848    27.7861    -0.0993 0.0000e+00
    298.000     4.6447     4.6219  33.342882    35.0847    27.7859    -0.0992 0.0000e+00
    299.000     4.6386     4.6158  33.337153    35.0839    27.7860    -0.0962 0.0000e+00
    300.000     4.6341     4.6112  33.333332    35.0837    27.7863    -0.0963 0.0000e+00
    301.000     4.6311     4.6081  33.330770    35.0833    27.7863    -0.0977 0.0000e+00
    302.000     4.6271     4.6041  33.327215    35.0829    27.7865    -0.0948 0.0000e+00
    303.000     4.6214     4.5983  33.322273    35.0826    27.7869    -0.1022 0.0000e+00
    304.000     4.6157     4.5925  33.317084    35.0820    27.7871    -0.1012 0.0000e+00
    305.000     4.6121     4.5889  33.313740    35.0814    27.7870    -0.1014 0.0000e+00
    306.000     4.6066     4.5833  33.308922    35.0810    27.7873    -0.1043 0.0000e+00
    307.000     4.5943     4.5710  33.297467    35.0800    27.7879    -0.1017 0.0000e+00
    308.000     4.5882     4.5648  33.291733    35.0794    27.7881    -0.1007 0.0000e+00
    309.000     4.5779     4.5545  33.282305    35.0786    27.7886    -0.1031 0.0000e+00
    310.000     4.5706     4.5471  33.275611    35.0780    27.7890    -0.1004 0.0000e+00
    311.000     4.5602     4.5367  33.266234    35.0774    27.7897    -0.1016 0.0000e+00
    312.000     4.5568     4.5331  33.263348    35.0772    27.7899    -0.1032 0.0000e+00
    313.000     4.5718     4.5480  33.279171    35.0793    27.7899    -0.1016 0.0000e+00
    314.000     4.5706     4.5468  33.278447    35.0791    27.7899    -0.1024 0.0000e+00
    315.000     4.5698     4.5460  33.278213    35.0792    27.7900    -0.1000 0.0000e+00
    316.000     4.5690     4.5450  33.277815    35.0791    27.7901    -0.1042 0.0000e+00
    317.000     4.5691     4.5451  33.278448    35.0792    27.7901    -0.0986 0.0000e+00
    318.000     4.5692     4.5451  33.279014    35.0792    27.7902    -0.0993 0.0000e+00
    319.000     4.5664     4.5422  33.276744    35.0790    27.7903    -0.1015 0.0000e+00
    320.000     4.5653     4.5411  33.276386    35.0791    27.7906    -0.1015 0.0000e+00
    321.000     4.5669     4.5425  33.278671    35.0797    27.7908    -0.1013 0.0000e+00
    322.000     4.5644     4.5400  33.276501    35.0792    27.7907    -0.1036 0.0000e+00
    323.000     4.5079     4.4835  33.221441    35.0740    27.7928    -0.1025 0.0000e+00
    324.000     4.4955     4.4710  33.209352    35.0724    27.7930    -0.0981 0.0000e+00
    325.000     4.4933     4.4689  33.207428    35.0719    27.7928    -0.1014 0.0000e+00
    326.000     4.4930     4.4684  33.207439    35.0718    27.7928    -0.0994 0.0000e+00
    327.000     4.4926     4.4680  33.207294    35.0714    27.7925    -0.0986 0.0000e+00
    328.000     4.4915     4.4667  33.206645    35.0714    27.7926    -0.1012 0.0000e+00
    329.000     4.4869     4.4621  33.202430    35.0707    27.7926    -0.0975 0.0000e+00
    330.000     4.4808     4.4559  33.197065    35.0704    27.7931    -0.0982 0.0000e+00
    331.000     4.4215     4.3967  33.137757    35.0631    27.7938    -0.0985 0.0000e+00
    332.000     4.3824     4.3576  33.100794    35.0606    27.7960    -0.0975 0.0000e+00
    333.000     4.3836     4.3588  33.101755    35.0598    27.7954    -0.0992 0.0000e+00
    334.000     4.3785     4.3536  33.096701    35.0587    27.7951    -0.0987 0.0000e+00
    335.000     4.3677     4.3427  33.085918    35.0570    27.7949    -0.0950 0.0000e+00
    336.000     4.3694     4.3444  33.088059    35.0572    27.7948    -0.0968 0.0000e+00
    337.000     4.3653     4.3403  33.084070    35.0563    27.7945    -0.1019 0.0000e+00
    338.000     4.3660     4.3408  33.085340    35.0565    27.7947    -0.0998 0.0000e+00
    339.000     4.3496     4.3245  33.068782    35.0538    27.7943    -0.0975 0.0000e+00
    340.000     4.3368     4.3116  33.056648    35.0526    27.7948    -0.0988 0.0000e+00
    341.000     4.3366     4.3113  33.056308    35.0520    27.7943    -0.0986 0.0000e+00
    342.000     4.3237     4.2983  33.043919    35.0505    27.7946    -0.1002 0.0000e+00
    343.000     4.3110     4.2856  33.031637    35.0490    27.7947    -0.1016 0.0000e+00
    344.000     4.3089     4.2834  33.029547    35.0483    27.7944    -0.0999 0.0000e+00
    345.000     4.3113     4.2857  33.032589    35.0487    27.7945    -0.1005 0.0000e+00
    346.000     4.3061     4.2805  33.027788    35.0480    27.7945    -0.1017 0.0000e+00
    347.000     4.3126     4.2869  33.033696    35.0476    27.7935    -0.0978 0.0000e+00
    348.000     4.3099     4.2841  33.032047    35.0480    27.7941    -0.0962 0.0000e+00
    349.000     4.2834     4.2577  33.006700    35.0456    27.7951    -0.1015 0.0000e+00
    350.000     4.2734     4.2475  32.997027    35.0444    27.7952    -0.0989 0.0000e+00
    351.000     4.2531     4.2273  32.977797    35.0427    27.7960    -0.0978 0.0000e+00
    352.000     4.2403     4.2144  32.965933    35.0418    27.7967    -0.0971 0.0000e+00
    353.000     4.2405     4.2146  32.966379    35.0415    27.7965    -0.0972 0.0000e+00
    354.000     4.2331     4.2071  32.959410    35.0407    27.7966    -0.0975 0.0000e+00
    355.000     4.2274     4.2013  32.954506    35.0403    27.7970    -0.0950 0.0000e+00
    356.000     4.2259     4.1997  32.953401    35.0402    27.7970    -0.0965 0.0000e+00
    357.000     4.2242     4.1980  32.952104    35.0398    27.7969    -0.0972 0.0000e+00
    358.000     4.2203     4.1940  32.948767    35.0395    27.7971    -0.0919 0.0000e+00
    359.000     4.2188     4.1924  32.947781    35.0395    27.7972    -0.0837 0.0000e+00
    360.000     4.2106     4.1842  32.940765    35.0393    27.7980    -0.0993 0.0000e+00
