tests/test_data/sbe_files/sbe911plus/atwain_cruise_ctds/AT287.cnv
* Sea-Bird SBE 9 Data File:
* FileName = C:\ATWAIN_2017\hex\AT287.hex
* Software Version Seasave V 7.21b
* Temperature SN = 2400
* Conductivity SN = 3234
* Number of Bytes Per Scan = 34
* Number of Voltage Words = 4
* Number of Scans Averaged by the Deck Unit = 1
* NMEA baud rate = 4800
** ATWAIN 2017
** R/V Lance
** Sounding depth: 400
** Latitude: 80 02.5742
** Longitude: 10 44.7827
# nquan = 8
# nvalues = 392                         
# units = specified
# name 0 = prDM: Pressure, Digiquartz [db]
# name 1 = t090C: Temperature [ITS-90, deg C]
# name 2 = potemp090C: Potential Temperature [ITS-90, deg C]
# name 3 = c0mS/cm: Conductivity [mS/cm]
# name 4 = sal00: Salinity, Practical [PSU]
# name 5 = sigma-é00: Density [sigma-theta, kg/m^3]
# name 6 = flECO-AFL: Fluorescence, WET Labs ECO-AFL/FL [mg/m^3]
# name 7 = flag: flag
# span 0 =      2.000,    393.000       
# span 1 =     4.1365,     6.5280       
# span 2 =     4.1078,     6.5218       
# span 3 =  32.891846,  34.913048       
# span 4 =    34.7712,    35.1176       
# span 5 =    27.3739,    27.8088       
# span 6 =    -0.1149,     1.6824       
# span 7 = 0.0000e+00, 0.0000e+00       
# interval = decibars: 1                
# start_time = Sep 24 2017 20:16:23 [System UTC, first data scan.]
# bad_flag = -9.990e-29
*END*
      2.000     6.0054     6.0052  34.174894    34.7776    27.3763     1.3821 0.0000e+00
      3.000     6.0014     6.0012  34.170361    34.7760    27.3755     1.2438 0.0000e+00
      4.000     6.0089     6.0086  34.178967    34.7775    27.3758     1.3095 0.0000e+00
      5.000     6.0013     6.0009  34.171042    34.7758    27.3754     1.4271 0.0000e+00
      6.000     6.0087     6.0082  34.179233    34.7769    27.3754     1.3162 0.0000e+00
      7.000     6.0051     6.0045  34.176197    34.7767    27.3757     1.4636 0.0000e+00
      8.000     6.0117     6.0110  34.183655    34.7779    27.3758     1.3292 0.0000e+00
      9.000     5.9930     5.9922  34.163586    34.7739    27.3750     1.3685 0.0000e+00
     10.000     5.9932     5.9924  34.165358    34.7752    27.3760     1.5099 0.0000e+00
     11.000     5.9884     5.9875  34.159133    34.7725    27.3746     1.3428 0.0000e+00
     12.000     5.9875     5.9865  34.158390    34.7721    27.3744     1.4025 0.0000e+00
     13.000     5.9927     5.9916  34.164799    34.7734    27.3747     1.4274 0.0000e+00
     14.000     5.9878     5.9866  34.159241    34.7717    27.3740     1.4089 0.0000e+00
     15.000     5.9856     5.9843  34.157165    34.7712    27.3739     1.6206 0.0000e+00
     16.000     5.9864     5.9851  34.158800    34.7716    27.3741     1.3322 0.0000e+00
     17.000     6.0018     6.0004  34.176479    34.7752    27.3751     1.3563 0.0000e+00
     18.000     6.0166     6.0151  34.193375    34.7787    27.3759     1.5496 0.0000e+00
     19.000     6.0178     6.0162  34.195481    34.7793    27.3762     1.5132 0.0000e+00
     20.000     6.0209     6.0193  34.199877    34.7804    27.3768     1.6824 0.0000e+00
     21.000     6.0237     6.0219  34.203870    34.7816    27.3773     1.4883 0.0000e+00
     22.000     6.0236     6.0217  34.204030    34.7814    27.3772     1.3356 0.0000e+00
     23.000     6.0255     6.0236  34.207036    34.7823    27.3776     1.4858 0.0000e+00
     24.000     6.0311     6.0291  34.213980    34.7839    27.3782     1.4238 0.0000e+00
     25.000     6.0495     6.0474  34.234926    34.7881    27.3792     1.5942 0.0000e+00
     26.000     6.0727     6.0705  34.262706    34.7951    27.3817     1.4120 0.0000e+00
     27.000     6.0525     6.0502  34.239939    34.7897    27.3801     1.5517 0.0000e+00
     28.000     6.0614     6.0590  34.249952    34.7913    27.3803     1.4616 0.0000e+00
     29.000     6.0839     6.0814  34.276276    34.7973    27.3821     1.4955 0.0000e+00
     30.000     6.1002     6.0976  34.295002    34.8012    27.3831     1.4985 0.0000e+00
     31.000     6.0855     6.0829  34.278695    34.7974    27.3820     1.3821 0.0000e+00
     32.000     6.0806     6.0779  34.274353    34.7970    27.3823     1.3165 0.0000e+00
     33.000     6.0676     6.0648  34.260251    34.7940    27.3816     1.5101 0.0000e+00
     34.000     6.0662     6.0634  34.259672    34.7942    27.3820     1.5168 0.0000e+00
     35.000     6.0793     6.0763  34.275355    34.7980    27.3833     1.6561 0.0000e+00
     36.000     6.1232     6.1201  34.324801    34.8081    27.3857     1.5560 0.0000e+00
     37.000     6.1627     6.1596  34.369542    34.8174    27.3879     1.4209 0.0000e+00
     38.000     6.2027     6.1994  34.416434    34.8286    27.3916     1.4862 0.0000e+00
     39.000     6.2029     6.1996  34.418276    34.8299    27.3926     1.4326 0.0000e+00
     40.000     6.2130     6.2095  34.430639    34.8330    27.3937     1.4518 0.0000e+00
     41.000     6.2119     6.2084  34.430403    34.8333    27.3941     1.3743 0.0000e+00
     42.000     6.2184     6.2147  34.438931    34.8358    27.3953     1.2548 0.0000e+00
     43.000     6.2205     6.2168  34.442200    34.8368    27.3958     1.3758 0.0000e+00
     44.000     6.2235     6.2197  34.446717    34.8383    27.3966     1.3431 0.0000e+00
     45.000     6.2248     6.2210  34.448968    34.8389    27.3969     1.3382 0.0000e+00
     46.000     6.2225     6.2185  34.446623    34.8381    27.3966     1.4476 0.0000e+00
     47.000     6.2351     6.2310  34.461633    34.8416    27.3977     1.3184 0.0000e+00
     48.000     6.2503     6.2461  34.481022    34.8473    27.4002     1.3578 0.0000e+00
     49.000     6.3398     6.3355  34.589425    34.8766    27.4116     1.3153 0.0000e+00
     50.000     6.3757     6.3713  34.634048    34.8893    27.4169     1.3291 0.0000e+00
     51.000     6.3771     6.3726  34.640059    34.8941    27.4206     1.2825 0.0000e+00
     52.000     6.3743     6.3697  34.639186    34.8954    27.4220     1.3216 0.0000e+00
     53.000     6.3892     6.3845  34.663182    34.9065    27.4288     1.2806 0.0000e+00
     54.000     6.4086     6.4038  34.691505    34.9178    27.4351     1.2452 0.0000e+00
     55.000     6.4197     6.4148  34.706080    34.9223    27.4372     1.1816 0.0000e+00
     56.000     6.4259     6.4209  34.714152    34.9244    27.4381     1.1305 0.0000e+00
     57.000     6.4330     6.4280  34.723704    34.9273    27.4394     1.1710 0.0000e+00
     58.000     6.4594     6.4542  34.756914    34.9369    27.4435     1.1951 0.0000e+00
     59.000     6.5053     6.5000  34.813527    34.9525    27.4497     1.1807 0.0000e+00
     60.000     6.4873     6.4820  34.798415    34.9536    27.4530     1.0021 0.0000e+00
     61.000     6.4808     6.4754  34.797126    34.9583    27.4575     0.9160 0.0000e+00
     62.000     6.4914     6.4859  34.812123    34.9637    27.4604     0.8187 0.0000e+00
     63.000     6.4780     6.4724  34.805003    34.9690    27.4664     0.8230 0.0000e+00
     64.000     6.4532     6.4475  34.782717    34.9690    27.4697     0.7546 0.0000e+00
     65.000     6.4482     6.4424  34.778421    34.9688    27.4703     0.6021 0.0000e+00
     66.000     6.4542     6.4484  34.786634    34.9713    27.4714     0.6312 0.0000e+00
     67.000     6.4815     6.4755  34.820793    34.9810    27.4754     0.6511 0.0000e+00
     68.000     6.5205     6.5144  34.876598    35.0027    27.4874     0.6159 0.0000e+00
     69.000     6.5280     6.5218  34.897820    35.0183    27.4987     0.5897 0.0000e+00
     70.000     6.5275     6.5213  34.903493    35.0245    27.5037     0.4257 0.0000e+00
     71.000     6.5224     6.5161  34.912230    35.0390    27.5158     0.3764 0.0000e+00
     72.000     6.5162     6.5097  34.913048    35.0458    27.5221     0.2842 0.0000e+00
     73.000     6.4996     6.4931  34.907091    35.0557    27.5321     0.2429 0.0000e+00
     74.000     6.4938     6.4873  34.903278    35.0568    27.5338     0.3042 0.0000e+00
     75.000     6.4954     6.4887  34.903800    35.0553    27.5324     0.1526 0.0000e+00
     76.000     6.4893     6.4825  34.898948    35.0557    27.5335     0.1681 0.0000e+00
     77.000     6.4840     6.4771  34.895776    35.0570    27.5353     0.1396 0.0000e+00
     78.000     6.4824     6.4754  34.895350    35.0577    27.5360     0.1188 0.0000e+00
     79.000     6.4798     6.4727  34.894154    35.0586    27.5371     0.0818 0.0000e+00
     80.000     6.4740     6.4669  34.891389    35.0608    27.5396     0.1114 0.0000e+00
     81.000     6.4639     6.4567  34.886541    35.0653    27.5445     0.1069 0.0000e+00
     82.000     6.4491     6.4418  34.878671    35.0713    27.5513     0.0582 0.0000e+00
     83.000     6.4336     6.4263  34.867781    35.0745    27.5558     0.0337 0.0000e+00
     84.000     6.4208     6.4133  34.858192    35.0764    27.5591     0.0287 0.0000e+00
     85.000     6.3971     6.3895  34.840313    35.0803    27.5653    -0.0008 0.0000e+00
     86.000     6.3805     6.3729  34.827175    35.0821    27.5690    -0.0209 0.0000e+00
     87.000     6.3399     6.3322  34.796287    35.0889    27.5797    -0.0330 0.0000e+00
     88.000     6.3319     6.3242  34.789990    35.0895    27.5813    -0.0346 0.0000e+00
     89.000     6.3303     6.3224  34.788907    35.0895    27.5815    -0.0338 0.0000e+00
     90.000     6.3290     6.3211  34.788464    35.0898    27.5819    -0.0332 0.0000e+00
     91.000     6.3257     6.3177  34.786077    35.0900    27.5825    -0.0631 0.0000e+00
     92.000     6.3135     6.3054  34.776446    35.0913    27.5851    -0.0368 0.0000e+00
     93.000     6.3020     6.2938  34.768076    35.0933    27.5882    -0.0674 0.0000e+00
     94.000     6.2946     6.2863  34.762477    35.0941    27.5899    -0.0472 0.0000e+00
     95.000     6.2897     6.2813  34.758159    35.0938    27.5903    -0.0720 0.0000e+00
     96.000     6.2738     6.2654  34.744889    35.0947    27.5931    -0.0681 0.0000e+00
     97.000     6.2568     6.2483  34.729549    35.0945    27.5952    -0.0671 0.0000e+00
     98.000     6.2511     6.2426  34.724913    35.0947    27.5961    -0.0682 0.0000e+00
     99.000     6.2452     6.2366  34.719900    35.0946    27.5968    -0.0680 0.0000e+00
    100.000     6.2418     6.2331  34.717294    35.0947    27.5974    -0.0687 0.0000e+00
    101.000     6.2408     6.2320  34.716934    35.0948    27.5976    -0.0684 0.0000e+00
    102.000     6.2401     6.2312  34.716721    35.0948    27.5976    -0.0683 0.0000e+00
    103.000     6.2362     6.2272  34.713649    35.0948    27.5982    -0.0690 0.0000e+00
    104.000     6.2341     6.2250  34.712365    35.0951    27.5987    -0.0670 0.0000e+00
    105.000     6.2314     6.2222  34.710355    35.0951    27.5991    -0.0670 0.0000e+00
    106.000     6.2206     6.2114  34.701267    35.0955    27.6008    -0.0600 0.0000e+00
    107.000     6.1813     6.1720  34.666619    35.0966    27.6069    -0.0720 0.0000e+00
    108.000     6.1616     6.1523  34.650491    35.0983    27.6107    -0.0682 0.0000e+00
    109.000     6.1566     6.1472  34.646598    35.0985    27.6116    -0.0670 0.0000e+00
    110.000     6.1579     6.1484  34.648276    35.0986    27.6115    -0.0676 0.0000e+00
    111.000     6.1554     6.1457  34.647037    35.0993    27.6124    -0.0677 0.0000e+00
    112.000     6.1466     6.1369  34.640677    35.1007    27.6146    -0.0692 0.0000e+00
    113.000     6.1318     6.1220  34.627086    35.1002    27.6162    -0.0419 0.0000e+00
    114.000     6.1277     6.1179  34.623362    35.0996    27.6163    -0.0704 0.0000e+00
    115.000     6.1103     6.1004  34.607055    35.0988    27.6179    -0.0696 0.0000e+00
    116.000     6.0811     6.0711  34.581470    35.0997    27.6224    -0.0657 0.0000e+00
    117.000     6.0638     6.0538  34.566593    35.1002    27.6250    -0.0960 0.0000e+00
    118.000     6.0611     6.0509  34.564209    35.0999    27.6251    -0.0699 0.0000e+00
    119.000     6.0588     6.0486  34.562475    35.0997    27.6253    -0.0765 0.0000e+00
    120.000     6.0539     6.0436  34.558096    35.0993    27.6256    -0.0908 0.0000e+00
    121.000     6.0398     6.0294  34.545716    35.0995    27.6276    -0.0676 0.0000e+00
    122.000     6.0199     6.0094  34.527553    35.0990    27.6298    -0.0652 0.0000e+00
    123.000     5.9992     5.9887  34.508343    35.0982    27.6319    -0.0691 0.0000e+00
    124.000     6.0012     5.9906  34.510371    35.0979    27.6314    -0.0679 0.0000e+00
    125.000     5.9997     5.9890  34.509616    35.0982    27.6318    -0.0678 0.0000e+00
    126.000     6.0061     5.9953  34.518558    35.1011    27.6333    -0.0670 0.0000e+00
    127.000     6.0132     6.0023  34.528086    35.1039    27.6346    -0.0690 0.0000e+00
    128.000     6.0100     5.9990  34.525130    35.1034    27.6346    -0.0824 0.0000e+00
    129.000     6.0058     5.9947  34.525129    35.1073    27.6383    -0.1033 0.0000e+00
    130.000     6.0056     5.9944  34.525428    35.1073    27.6383    -0.1048 0.0000e+00
    131.000     6.0010     5.9898  34.521308    35.1069    27.6386    -0.0913 0.0000e+00
    132.000     5.9718     5.9606  34.493639    35.1053    27.6411    -0.0736 0.0000e+00
    133.000     5.9414     5.9301  34.464477    35.1034    27.6434    -0.1017 0.0000e+00
    134.000     5.8885     5.8772  34.414554    35.1012    27.6484    -0.1016 0.0000e+00
    135.000     5.9082     5.8967  34.433349    35.1015    27.6462    -0.0889 0.0000e+00
    136.000     5.8889     5.8773  34.417814    35.1035    27.6502    -0.0839 0.0000e+00
    137.000     5.8859     5.8743  34.418516    35.1068    27.6533    -0.0995 0.0000e+00
    138.000     5.8906     5.8789  34.424454    35.1082    27.6537    -0.0986 0.0000e+00
    139.000     5.8905     5.8787  34.424827    35.1082    27.6538    -0.0994 0.0000e+00
    140.000     5.8818     5.8699  34.418658    35.1097    27.6561    -0.1010 0.0000e+00
    141.000     5.8650     5.8531  34.403029    35.1089    27.6576    -0.0973 0.0000e+00
    142.000     5.8559     5.8439  34.394330    35.1080    27.6580    -0.0989 0.0000e+00
    143.000     5.8546     5.8425  34.393485    35.1079    27.6581    -0.0668 0.0000e+00
    144.000     5.8552     5.8430  34.395521    35.1090    27.6590    -0.0989 0.0000e+00
    145.000     5.8529     5.8407  34.395197    35.1104    27.6604    -0.0864 0.0000e+00
    146.000     5.8449     5.8325  34.387908    35.1101    27.6611    -0.1049 0.0000e+00
    147.000     5.8303     5.8179  34.375006    35.1100    27.6630    -0.1051 0.0000e+00
    148.000     5.8004     5.7879  34.350222    35.1125    27.6687    -0.0985 0.0000e+00
    149.000     5.7964     5.7839  34.346643    35.1120    27.6688    -0.0991 0.0000e+00
    150.000     5.7885     5.7758  34.340207    35.1124    27.6702    -0.1030 0.0000e+00
    151.000     5.7869     5.7742  34.339208    35.1124    27.6703    -0.0878 0.0000e+00
    152.000     5.7878     5.7750  34.340280    35.1122    27.6701    -0.0828 0.0000e+00
    153.000     5.7894     5.7765  34.342195    35.1122    27.6699    -0.1016 0.0000e+00
    154.000     5.7904     5.7775  34.344148    35.1128    27.6702    -0.0999 0.0000e+00
    155.000     5.7897     5.7766  34.343723    35.1126    27.6702    -0.1009 0.0000e+00
    156.000     5.7895     5.7763  34.343960    35.1125    27.6702    -0.1039 0.0000e+00
    157.000     5.7862     5.7730  34.342145    35.1134    27.6713    -0.0900 0.0000e+00
    158.000     5.7670     5.7537  34.325953    35.1145    27.6746    -0.1030 0.0000e+00
    159.000     5.7628     5.7494  34.322338    35.1142    27.6749    -0.1040 0.0000e+00
    160.000     5.7595     5.7461  34.320105    35.1145    27.6755    -0.1021 0.0000e+00
    161.000     5.7568     5.7433  34.317864    35.1142    27.6757    -0.1036 0.0000e+00
    162.000     5.7536     5.7399  34.315390    35.1143    27.6762    -0.1067 0.0000e+00
    163.000     5.7451     5.7315  34.308709    35.1149    27.6777    -0.1053 0.0000e+00
    164.000     5.7339     5.7201  34.299060    35.1152    27.6793    -0.1039 0.0000e+00
    165.000     5.7218     5.7079  34.288163    35.1149    27.6806    -0.1036 0.0000e+00
    166.000     5.7132     5.6993  34.280851    35.1149    27.6818    -0.0873 0.0000e+00
    167.000     5.7008     5.6868  34.270191    35.1152    27.6835    -0.0963 0.0000e+00
    168.000     5.6985     5.6844  34.268348    35.1150    27.6837    -0.0982 0.0000e+00
    169.000     5.6924     5.6783  34.263177    35.1149    27.6844    -0.1030 0.0000e+00
    170.000     5.6861     5.6719  34.257779    35.1148    27.6851    -0.1012 0.0000e+00
    171.000     5.6721     5.6578  34.245666    35.1150    27.6870    -0.1033 0.0000e+00
    172.000     5.6653     5.6509  34.240169    35.1154    27.6882    -0.1042 0.0000e+00
    173.000     5.6594     5.6449  34.234809    35.1149    27.6885    -0.1035 0.0000e+00
    174.000     5.6381     5.6237  34.215897    35.1149    27.6912    -0.0999 0.0000e+00
    175.000     5.6244     5.6099  34.203456    35.1145    27.6926    -0.0982 0.0000e+00
    176.000     5.6176     5.6029  34.197518    35.1144    27.6933    -0.1003 0.0000e+00
    177.000     5.6097     5.5950  34.190490    35.1141    27.6941    -0.0970 0.0000e+00
    178.000     5.6031     5.5883  34.184824    35.1139    27.6948    -0.0991 0.0000e+00
    179.000     5.5858     5.5709  34.168767    35.1131    27.6963    -0.0992 0.0000e+00
    180.000     5.5526     5.5378  34.138287    35.1124    27.6998    -0.0998 0.0000e+00
