tests/test_data/sbe_files/sbe911plus/atwain_cruise_ctds/AT285.cnv
* Sea-Bird SBE 9 Data File:
* FileName = C:\ATWAIN_2017\hex\AT285.hex
* Software Version Seasave V 7.21b
* Temperature SN = 2400
* Conductivity SN = 3234
* Number of Bytes Per Scan = 34
* Number of Voltage Words = 4
* Number of Scans Averaged by the Deck Unit = 1
* NMEA baud rate = 4800
** ATWAIN 2017
** R/V Lance
** Sounding depth: 537
** Latitude: 80 06.7176
** Longitude: 009 52.4800
# nquan = 8
# nvalues = 527                         
# units = specified
# name 0 = prDM: Pressure, Digiquartz [db]
# name 1 = t090C: Temperature [ITS-90, deg C]
# name 2 = potemp090C: Potential Temperature [ITS-90, deg C]
# name 3 = c0mS/cm: Conductivity [mS/cm]
# name 4 = sal00: Salinity, Practical [PSU]
# name 5 = sigma-�00: Density [sigma-theta, kg/m^3]
# name 6 = flECO-AFL: Fluorescence, WET Labs ECO-AFL/FL [mg/m^3]
# name 7 = flag: flag
# span 0 =      3.000,    529.000       
# span 1 =     3.7670,     6.4762       
# span 2 =     3.7293,     6.4705       
# span 3 =  32.625221,  34.854872       
# span 4 =    34.9753,    35.1182       
# span 5 =    27.4865,    27.8684       
# span 6 =    -0.1243,     1.5364       
# span 7 = 0.0000e+00, 0.0000e+00       
# interval = decibars: 1                
# start_time = Sep 24 2017 17:52:49 [System UTC, first data scan.]
# bad_flag = -9.990e-29
*END*
[from data line 360]
    363.000     4.2640     4.2372  33.011990    35.0650    27.8127    -0.1005 0.0000e+00
    364.000     4.2655     4.2386  33.013744    35.0650    27.8125    -0.0987 0.0000e+00
    365.000     4.2579     4.2310  33.006994    35.0645    27.8130    -0.0985 0.0000e+00
    366.000     4.2581     4.2310  33.007486    35.0645    27.8129    -0.1005 0.0000e+00
    367.000     4.2546     4.2275  33.004461    35.0641    27.8130    -0.1011 0.0000e+00
    368.000     4.2448     4.2177  32.995238    35.0630    27.8132    -0.0990 0.0000e+00
    369.000     4.2380     4.2108  32.989042    35.0624    27.8135    -0.0990 0.0000e+00
    370.000     4.2406     4.2133  32.992071    35.0627    27.8134    -0.0990 0.0000e+00
    371.000     4.2429     4.2156  32.994512    35.0626    27.8131    -0.0990 0.0000e+00
    372.000     4.2374     4.2100  32.989614    35.0621    27.8133    -0.0977 0.0000e+00
    373.000     4.2383     4.2108  32.990655    35.0619    27.8130    -0.0983 0.0000e+00
    374.000     4.2100     4.1825  32.964413    35.0605    27.8150    -0.0975 0.0000e+00
    375.000     4.2162     4.1886  32.971258    35.0614    27.8150    -0.0999 0.0000e+00
    376.000     4.2070     4.1794  32.962962    35.0608    27.8156    -0.0995 0.0000e+00
    377.000     4.1575     4.1299  32.915403    35.0568    27.8177    -0.0978 0.0000e+00
    378.000     4.1443     4.1167  32.902650    35.0552    27.8178    -0.0963 0.0000e+00
    379.000     4.1025     4.0750  32.861525    35.0504    27.8185    -0.0972 0.0000e+00
    380.000     4.0558     4.0284  32.815604    35.0452    27.8192    -0.0973 0.0000e+00
    381.000     4.0510     4.0234  32.811073    35.0445    27.8191    -0.1002 0.0000e+00
    382.000     4.0484     4.0208  32.808511    35.0436    27.8187    -0.0983 0.0000e+00
    383.000     4.0232     3.9956  32.783730    35.0406    27.8190    -0.1020 0.0000e+00
    384.000     4.0046     3.9769  32.766336    35.0392    27.8199    -0.1004 0.0000e+00
    385.000     4.0088     3.9811  32.769655    35.0381    27.8185    -0.0992 0.0000e+00
    386.000     4.0009     3.9732  32.762231    35.0371    27.8186    -0.1006 0.0000e+00
    387.000     4.0041     3.9762  32.765901    35.0376    27.8187    -0.0982 0.0000e+00
    388.000     3.9918     3.9639  32.753919    35.0360    27.8186    -0.0972 0.0000e+00
    389.000     3.9753     3.9474  32.738094    35.0341    27.8189    -0.0954 0.0000e+00
    390.000     3.9723     3.9443  32.735729    35.0340    27.8191    -0.1002 0.0000e+00
    391.000     3.9691     3.9411  32.732817    35.0334    27.8190    -0.1020 0.0000e+00
    392.000     3.9622     3.9342  32.726554    35.0328    27.8192    -0.1031 0.0000e+00
    393.000     3.9228     3.8948  32.687324    35.0277    27.8193    -0.1018 0.0000e+00
    394.000     3.8582     3.8303  32.625515    35.0225    27.8218    -0.1000 0.0000e+00
    395.000     3.8589     3.8309  32.625969    35.0218    27.8212    -0.1009 0.0000e+00
    396.000     3.8577     3.8297  32.625221    35.0216    27.8211    -0.1016 0.0000e+00
    397.000     3.8663     3.8381  32.634205    35.0227    27.8211    -0.1010 0.0000e+00
    398.000     3.8725     3.8443  32.641190    35.0237    27.8213    -0.0978 0.0000e+00
    399.000     3.8818     3.8534  32.650719    35.0247    27.8212    -0.1005 0.0000e+00
    400.000     3.8869     3.8585  32.656453    35.0255    27.8213    -0.0999 0.0000e+00
    401.000     3.8954     3.8668  32.665373    35.0265    27.8212    -0.0994 0.0000e+00
    402.000     3.8978     3.8692  32.668412    35.0270    27.8214    -0.0985 0.0000e+00
    403.000     3.9092     3.8804  32.680693    35.0290    27.8218    -0.0999 0.0000e+00
    404.000     3.9148     3.8859  32.686703    35.0296    27.8217    -0.0997 0.0000e+00
    405.000     3.9139     3.8850  32.686377    35.0296    27.8218    -0.1005 0.0000e+00
    406.000     3.9213     3.8923  32.694306    35.0306    27.8219    -0.0995 0.0000e+00
    407.000     3.9349     3.9057  32.708582    35.0326    27.8220    -0.1017 0.0000e+00
    408.000     3.9369     3.9077  32.711191    35.0329    27.8221    -0.1000 0.0000e+00
    409.000     3.9446     3.9154  32.720082    35.0348    27.8227    -0.0994 0.0000e+00
    410.000     3.9474     3.9180  32.723250    35.0350    27.8227    -0.1011 0.0000e+00
    411.000     3.9457     3.9163  32.722219    35.0351    27.8229    -0.1016 0.0000e+00
    412.000     3.9470     3.9174  32.724087    35.0354    27.8231    -0.0972 0.0000e+00
    413.000     3.9522     3.9226  32.729788    35.0361    27.8230    -0.0989 0.0000e+00
    414.000     3.9506     3.9209  32.728752    35.0360    27.8232    -0.0983 0.0000e+00
    415.000     3.9502     3.9205  32.728861    35.0360    27.8232    -0.1059 0.0000e+00
    416.000     3.9542     3.9243  32.733301    35.0366    27.8232    -0.0987 0.0000e+00
    417.000     3.9537     3.9238  32.733295    35.0365    27.8233    -0.1005 0.0000e+00
    418.000     3.9534     3.9234  32.733574    35.0367    27.8234    -0.1003 0.0000e+00
    419.000     3.9558     3.9258  32.736590    35.0371    27.8235    -0.1027 0.0000e+00
    420.000     3.9630     3.9328  32.744724    35.0386    27.8240    -0.1012 0.0000e+00
    421.000     3.9668     3.9365  32.749115    35.0392    27.8241    -0.1024 0.0000e+00
    422.000     3.9720     3.9416  32.754857    35.0400    27.8242    -0.1015 0.0000e+00
    423.000     3.9740     3.9436  32.757602    35.0405    27.8244    -0.1040 0.0000e+00
    424.000     3.9797     3.9492  32.764529    35.0421    27.8251    -0.1055 0.0000e+00
    425.000     3.9928     3.9622  32.778378    35.0441    27.8253    -0.1003 0.0000e+00
    426.000     3.9960     3.9653  32.782103    35.0446    27.8253    -0.1011 0.0000e+00
    427.000     3.9996     3.9688  32.786677    35.0456    27.8258    -0.1163 0.0000e+00
    428.000     4.0140     3.9830  32.802527    35.0486    27.8267    -0.0954 0.0000e+00
    429.000     4.0122     3.9812  32.800975    35.0481    27.8265    -0.1004 0.0000e+00
    430.000     4.0087     3.9776  32.798147    35.0480    27.8268    -0.1002 0.0000e+00
    431.000     4.0131     3.9819  32.803225    35.0487    27.8269    -0.1008 0.0000e+00
    432.000     4.0121     3.9808  32.802696    35.0487    27.8270    -0.0936 0.0000e+00
    433.000     4.0131     3.9817  32.804317    35.0490    27.8272    -0.1038 0.0000e+00
    434.000     4.0183     3.9869  32.810124    35.0498    27.8272    -0.0964 0.0000e+00
    435.000     4.0175     3.9860  32.809811    35.0497    27.8273    -0.1057 0.0000e+00
    436.000     4.0169     3.9853  32.809587    35.0496    27.8273    -0.0979 0.0000e+00
    437.000     4.0173     3.9856  32.810422    35.0496    27.8273    -0.1002 0.0000e+00
    438.000     4.0201     3.9883  32.813800    35.0501    27.8274    -0.1159 0.0000e+00
    439.000     4.0230     3.9911  32.817209    35.0506    27.8274    -0.0981 0.0000e+00
    440.000     4.0252     3.9933  32.820015    35.0510    27.8275    -0.1010 0.0000e+00
    441.000     4.0287     3.9967  32.823974    35.0514    27.8275    -0.0998 0.0000e+00
    442.000     4.0384     4.0063  32.834875    35.0534    27.8281    -0.1032 0.0000e+00
    443.000     4.0408     4.0086  32.837945    35.0540    27.8283    -0.1013 0.0000e+00
    444.000     4.0530     4.0206  32.851179    35.0562    27.8288    -0.1016 0.0000e+00
    445.000     4.0540     4.0216  32.852902    35.0566    27.8290    -0.1008 0.0000e+00
    446.000     4.0523     4.0199  32.851739    35.0565    27.8291    -0.1003 0.0000e+00
    447.000     4.0534     4.0209  32.853578    35.0569    27.8294    -0.0985 0.0000e+00
    448.000     4.0545     4.0218  32.855240    35.0573    27.8295    -0.1007 0.0000e+00
    449.000     4.0573     4.0246  32.859121    35.0583    27.8301    -0.1012 0.0000e+00
    450.000     4.0632     4.0304  32.866280    35.0600    27.8308    -0.0978 0.0000e+00
    451.000     4.0633     4.0304  32.866830    35.0601    27.8308    -0.0989 0.0000e+00
    452.000     4.0654     4.0324  32.869787    35.0608    27.8312    -0.0955 0.0000e+00
    453.000     4.0649     4.0318  32.870058    35.0611    27.8315    -0.0982 0.0000e+00
    454.000     4.0632     4.0301  32.869171    35.0613    27.8319    -0.1017 0.0000e+00
    455.000     4.0628     4.0295  32.869303    35.0614    27.8320    -0.1051 0.0000e+00
    456.000     4.0641     4.0309  32.871708    35.0622    27.8325    -0.1043 0.0000e+00
    457.000     4.0643     4.0309  32.872404    35.0624    27.8326    -0.1021 0.0000e+00
    458.000     4.0645     4.0311  32.873049    35.0624    27.8326    -0.1019 0.0000e+00
    459.000     4.0624     4.0289  32.871719    35.0625    27.8329    -0.1055 0.0000e+00
    460.000     4.0615     4.0279  32.871654    35.0629    27.8333    -0.1024 0.0000e+00
    461.000     4.0605     4.0268  32.872089    35.0639    27.8343    -0.1007 0.0000e+00
    462.000     4.0596     4.0259  32.871750    35.0639    27.8344    -0.1050 0.0000e+00
    463.000     4.0617     4.0279  32.874449    35.0643    27.8345    -0.1084 0.0000e+00
    464.000     4.0643     4.0304  32.877714    35.0649    27.8347    -0.0986 0.0000e+00
    465.000     4.0660     4.0320  32.880003    35.0653    27.8348    -0.1004 0.0000e+00
    466.000     4.0632     4.0292  32.877562    35.0648    27.8347    -0.0963 0.0000e+00
    467.000     4.0587     4.0246  32.873344    35.0641    27.8347    -0.0996 0.0000e+00
    468.000     4.0568     4.0226  32.872045    35.0641    27.8348    -0.1003 0.0000e+00
    469.000     4.0504     4.0161  32.866985    35.0644    27.8358    -0.1034 0.0000e+00
    470.000     4.0509     4.0166  32.868476    35.0650    27.8362    -0.1021 0.0000e+00
    471.000     4.0505     4.0161  32.868806    35.0653    27.8365    -0.0993 0.0000e+00
    472.000     4.0680     4.0335  32.887803    35.0687    27.8374    -0.1035 0.0000e+00
    473.000     4.0587     4.0241  32.879488    35.0682    27.8380    -0.1050 0.0000e+00
    474.000     4.0555     4.0209  32.877052    35.0681    27.8383    -0.1064 0.0000e+00
    475.000     4.0556     4.0209  32.877555    35.0682    27.8383    -0.1086 0.0000e+00
    476.000     4.0612     4.0264  32.883658    35.0689    27.8383    -0.1043 0.0000e+00
    477.000     4.0685     4.0336  32.891288    35.0696    27.8381    -0.1021 0.0000e+00
    478.000     4.0648     4.0298  32.888377    35.0696    27.8385    -0.0994 0.0000e+00
    479.000     4.0639     4.0288  32.887912    35.0695    27.8385    -0.1050 0.0000e+00
    480.000     4.0513     4.0162  32.875587    35.0678    27.8385    -0.1053 0.0000e+00
    481.000     4.0518     4.0167  32.877391    35.0688    27.8392    -0.1053 0.0000e+00
    482.000     4.0496     4.0144  32.876263    35.0693    27.8399    -0.1011 0.0000e+00
    483.000     4.0531     4.0178  32.880332    35.0698    27.8399    -0.1107 0.0000e+00
    484.000     4.0828     4.0473  32.912455    35.0757    27.8415    -0.1028 0.0000e+00
    485.000     4.0984     4.0627  32.927916    35.0769    27.8408    -0.1073 0.0000e+00
    486.000     4.0972     4.0614  32.927512    35.0772    27.8412    -0.1127 0.0000e+00
    487.000     4.1026     4.0668  32.934077    35.0787    27.8418    -0.1010 0.0000e+00
    488.000     4.1001     4.0642  32.933012    35.0795    27.8427    -0.1022 0.0000e+00
    489.000     4.0962     4.0603  32.930138    35.0797    27.8433    -0.1039 0.0000e+00
    490.000     4.0935     4.0575  32.927635    35.0792    27.8432    -0.0987 0.0000e+00
    491.000     4.0751     4.0391  32.910976    35.0784    27.8445    -0.1030 0.0000e+00
    492.000     4.0760     4.0399  32.912357    35.0786    27.8446    -0.0999 0.0000e+00
    493.000     4.0626     4.0265  32.899832    35.0775    27.8451    -0.1000 0.0000e+00
    494.000     4.0370     4.0009  32.875975    35.0760    27.8466    -0.0998 0.0000e+00
    495.000     4.0382     4.0020  32.877864    35.0764    27.8468    -0.1051 0.0000e+00
    496.000     4.0325     3.9962  32.872713    35.0759    27.8470    -0.1027 0.0000e+00
    497.000     4.0285     3.9922  32.869609    35.0759    27.8474    -0.1016 0.0000e+00
    498.000     4.0254     3.9890  32.867300    35.0760    27.8478    -0.0989 0.0000e+00
    499.000     4.0207     3.9843  32.863595    35.0760    27.8483    -0.1035 0.0000e+00
    500.000     4.0180     3.9815  32.861628    35.0760    27.8486    -0.1243 0.0000e+00
    501.000     4.0113     3.9748  32.855764    35.0757    27.8491    -0.0982 0.0000e+00
    502.000     4.0032     3.9666  32.849061    35.0758    27.8501    -0.1002 0.0000e+00
    503.000     4.0046     3.9679  32.850517    35.0756    27.8498    -0.1154 0.0000e+00
    504.000     3.9837     3.9471  32.832172    35.0755    27.8518    -0.1103 0.0000e+00
    505.000     3.9785     3.9418  32.827815    35.0754    27.8523    -0.1023 0.0000e+00
    506.000     3.9597     3.9230  32.810285    35.0740    27.8532    -0.1014 0.0000e+00
    507.000     3.9329     3.8962  32.785926    35.0732    27.8553    -0.1023 0.0000e+00
    508.000     3.8778     3.8413  32.735017    35.0709    27.8592    -0.1030 0.0000e+00
    509.000     3.8621     3.8255  32.720437    35.0698    27.8600    -0.1122 0.0000e+00
    510.000     3.8527     3.8161  32.712197    35.0695    27.8607    -0.0992 0.0000e+00
    511.000     3.8316     3.7950  32.693584    35.0693    27.8627    -0.1084 0.0000e+00
    512.000     3.8259     3.7893  32.688548    35.0689    27.8630    -0.1023 0.0000e+00
    513.000     3.8171     3.7805  32.681283    35.0691    27.8640    -0.1033 0.0000e+00
    514.000     3.8135     3.7768  32.678287    35.0688    27.8642    -0.0982 0.0000e+00
    515.000     3.8117     3.7749  32.677129    35.0688    27.8643    -0.0995 0.0000e+00
    516.000     3.8099     3.7730  32.675646    35.0685    27.8643    -0.0985 0.0000e+00
    517.000     3.8031     3.7661  32.670144    35.0687    27.8652    -0.1011 0.0000e+00
    518.000     3.8046     3.7677  32.671588    35.0682    27.8646    -0.1050 0.0000e+00
    519.000     3.7923     3.7553  32.661191    35.0684    27.8660    -0.1052 0.0000e+00
    520.000     3.7948     3.7577  32.663890    35.0685    27.8659    -0.0971 0.0000e+00
    521.000     3.7968     3.7596  32.665789    35.0681    27.8654    -0.1014 0.0000e+00
    522.000     3.7834     3.7462  32.654571    35.0684    27.8670    -0.1021 0.0000e+00
    523.000     3.7812     3.7439  32.652797    35.0681    27.8670    -0.1049 0.0000e+00
    524.000     3.7764     3.7391  32.648884    35.0681    27.8674    -0.1046 0.0000e+00
    525.000     3.7724     3.7350  32.645840    35.0682    27.8679    -0.1002 0.0000e+00
    526.000     3.7729     3.7354  32.646539    35.0680    27.8677    -0.1033 0.0000e+00
    527.000     3.7716     3.7341  32.645796    35.0679    27.8678    -0.1010 0.0000e+00
    528.000     3.7715     3.7339  32.646174    35.0679    27.8679    -0.1005 0.0000e+00
    529.000     3.7670     3.7293  32.642579    35.0680    27.8684    -0.1034 0.0000e+00
