tests/test_data/sbe_files/sbe911plus/atwain_cruise_ctds/AT285.cnv
* Sea-Bird SBE 9 Data File:
* FileName = C:\ATWAIN_2017\hex\AT285.hex
* Software Version Seasave V 7.21b
* Temperature SN = 2400
* Conductivity SN = 3234
* Number of Bytes Per Scan = 34
* Number of Voltage Words = 4
* Number of Scans Averaged by the Deck Unit = 1
* NMEA baud rate = 4800
** ATWAIN 2017
** R/V Lance
** Sounding depth: 537
** Latitude: 80 06.7176
** Longitude: 009 52.4800
# nquan = 8
# nvalues = 527                         
# units = specified
# name 0 = prDM: Pressure, Digiquartz [db]
# name 1 = t090C: Temperature [ITS-90, deg C]
# name 2 = potemp090C: Potential Temperature [ITS-90, deg C]
# name 3 = c0mS/cm: Conductivity [mS/cm]
# name 4 = sal00: Salinity, Practical [PSU]
# name 5 = sigma-�00: Density [sigma-theta, kg/m^3]
# name 6 = flECO-AFL: Fluorescence, WET Labs ECO-AFL/FL [mg/m^3]
# name 7 = flag: flag
# span 0 =      3.000,    529.000       
# span 1 =     3.7670,     6.4762       
# span 2 =     3.7293,     6.4705       
# span 3 =  32.625221,  34.854872       
# span 4 =    34.9753,    35.1182       
# span 5 =    27.4865,    27.8684       
# span 6 =    -0.1243,     1.5364       
# span 7 = 0.0000e+00, 0.0000e+00       
# interval = decibars: 1                
# start_time = Sep 24 2017 17:52:49 [System UTC, first data scan.]
# bad_flag = -9.990e-29
*END*
      3.000     6.3647     6.3645  34.680572    34.9768    27.4869     1.4359 0.0000e+00
      4.000     6.3619     6.3615  34.678238    34.9766    27.4872     1.3904 0.0000e+00
      5.000     6.3672     6.3668  34.685049    34.9782    27.4878     1.2928 0.0000e+00
      6.000     6.3726     6.3721  34.691916    34.9798    27.4883     1.4347 0.0000e+00
      7.000     6.3771     6.3765  34.696248    34.9796    27.4876     1.3264 0.0000e+00
      8.000     6.3700     6.3693  34.688345    34.9775    27.4868     1.3423 0.0000e+00
      9.000     6.3605     6.3598  34.678422    34.9756    27.4866     1.3039 0.0000e+00
     10.000     6.3603     6.3594  34.678794    34.9758    27.4868     1.3194 0.0000e+00
     11.000     6.3662     6.3653  34.686166    34.9774    27.4873     1.4245 0.0000e+00
     12.000     6.3650     6.3640  34.684406    34.9762    27.4865     1.4068 0.0000e+00
     13.000     6.3594     6.3583  34.678901    34.9753    27.4865     1.2684 0.0000e+00
     14.000     6.3656     6.3643  34.686891    34.9774    27.4874     1.3400 0.0000e+00
     15.000     6.3686     6.3673  34.690577    34.9779    27.4874     1.3830 0.0000e+00
     16.000     6.3683     6.3670  34.690693    34.9777    27.4873     1.2086 0.0000e+00
     17.000     6.3662     6.3647  34.688611    34.9771    27.4872     1.1688 0.0000e+00
     18.000     6.3650     6.3634  34.687747    34.9769    27.4871     1.2229 0.0000e+00
     19.000     6.3647     6.3630  34.687929    34.9769    27.4872     1.5364 0.0000e+00
     20.000     6.3631     6.3613  34.686598    34.9765    27.4871     1.2637 0.0000e+00
     21.000     6.3871     6.3853  34.714533    34.9826    27.4887     1.2292 0.0000e+00
     22.000     6.3896     6.3877  34.718976    34.9845    27.4899     1.2819 0.0000e+00
     23.000     6.4129     6.4109  34.745640    34.9898    27.4911     1.4368 0.0000e+00
     24.000     6.4100     6.4079  34.742893    34.9893    27.4910     1.2882 0.0000e+00
     25.000     6.4102     6.4080  34.743438    34.9892    27.4910     1.1821 0.0000e+00
     26.000     6.4107     6.4085  34.744776    34.9896    27.4912     1.3588 0.0000e+00
     27.000     6.4133     6.4109  34.748243    34.9903    27.4915     1.3521 0.0000e+00
     28.000     6.4122     6.4097  34.747245    34.9899    27.4913     1.2335 0.0000e+00
     29.000     6.4113     6.4087  34.746846    34.9898    27.4913     1.2860 0.0000e+00
     30.000     6.4127     6.4101  34.748875    34.9901    27.4914     1.3781 0.0000e+00
     31.000     6.4135     6.4108  34.750275    34.9903    27.4915     1.3395 0.0000e+00
     32.000     6.4131     6.4103  34.750328    34.9903    27.4915     1.2937 0.0000e+00
     33.000     6.4126     6.4097  34.750212    34.9901    27.4914     1.3431 0.0000e+00
     34.000     6.4119     6.4089  34.749784    34.9899    27.4913     1.4424 0.0000e+00
     35.000     6.4101     6.4070  34.748215    34.9895    27.4913     1.2936 0.0000e+00
     36.000     6.4135     6.4103  34.752488    34.9903    27.4915     1.3411 0.0000e+00
     37.000     6.4151     6.4118  34.754689    34.9906    27.4915     1.3164 0.0000e+00
     38.000     6.4148     6.4114  34.754874    34.9906    27.4916     1.4152 0.0000e+00
     39.000     6.4145     6.4111  34.755034    34.9905    27.4916     1.3807 0.0000e+00
     40.000     6.4145     6.4110  34.755522    34.9906    27.4917     1.2763 0.0000e+00
     41.000     6.4148     6.4112  34.756181    34.9905    27.4915     1.2957 0.0000e+00
     42.000     6.4149     6.4112  34.756849    34.9906    27.4916     1.2298 0.0000e+00
     43.000     6.4150     6.4112  34.757371    34.9906    27.4916     1.3347 0.0000e+00
     44.000     6.4157     6.4118  34.758608    34.9908    27.4917     1.2989 0.0000e+00
     45.000     6.4156     6.4116  34.758940    34.9907    27.4917     1.2826 0.0000e+00
     46.000     6.4177     6.4136  34.761853    34.9913    27.4919     1.3437 0.0000e+00
     47.000     6.4206     6.4165  34.765779    34.9922    27.4922     1.3599 0.0000e+00
     48.000     6.4209     6.4166  34.766621    34.9923    27.4923     1.3185 0.0000e+00
     49.000     6.4232     6.4189  34.770039    34.9933    27.4927     1.2672 0.0000e+00
     50.000     6.4269     6.4224  34.775787    34.9954    27.4939     1.2473 0.0000e+00
     51.000     6.4274     6.4229  34.777286    34.9961    27.4944     1.1794 0.0000e+00
     52.000     6.4250     6.4205  34.775876    34.9964    27.4949     1.0837 0.0000e+00
     53.000     6.4258     6.4211  34.778690    34.9983    27.4964     1.1228 0.0000e+00
     54.000     6.4321     6.4273  34.788051    35.0018    27.4983     1.1701 0.0000e+00
     55.000     6.4339     6.4291  34.791275    35.0029    27.4990     1.0294 0.0000e+00
     56.000     6.4334     6.4285  34.791214    35.0029    27.4990     0.9685 0.0000e+00
     57.000     6.4338     6.4288  34.792680    35.0036    27.4995     1.0563 0.0000e+00
     58.000     6.4345     6.4293  34.794139    35.0040    27.4998     1.0728 0.0000e+00
     59.000     6.4349     6.4297  34.795036    35.0041    27.4998     1.0786 0.0000e+00
     60.000     6.4350     6.4297  34.795752    35.0043    27.5000     1.0218 0.0000e+00
     61.000     6.4441     6.4387  34.809073    35.0093    27.5027     0.9543 0.0000e+00
     62.000     6.4499     6.4444  34.817114    35.0118    27.5040     1.0266 0.0000e+00
     63.000     6.4700     6.4644  34.841722    35.0182    27.5064     0.8990 0.0000e+00
     64.000     6.4762     6.4705  34.849958    35.0205    27.5074     0.8903 0.0000e+00
     65.000     6.4758     6.4701  34.851215    35.0218    27.5084     0.7921 0.0000e+00
     66.000     6.4760     6.4701  34.853898    35.0241    27.5102     0.8312 0.0000e+00
     67.000     6.4735     6.4675  34.854574    35.0269    27.5128     0.7806 0.0000e+00
     68.000     6.4716     6.4655  34.854711    35.0285    27.5143     0.8178 0.0000e+00
     69.000     6.4691     6.4630  34.854872    35.0307    27.5164     0.7974 0.0000e+00
     70.000     6.4581     6.4519  34.852701    35.0391    27.5245     0.8208 0.0000e+00
     71.000     6.4485     6.4422  34.851299    35.0469    27.5319     0.6494 0.0000e+00
     72.000     6.4429     6.4365  34.852572    35.0535    27.5379     0.5655 0.0000e+00
     73.000     6.4423     6.4358  34.853043    35.0542    27.5386     0.5693 0.0000e+00
     74.000     6.4282     6.4216  34.844127    35.0582    27.5436     0.4891 0.0000e+00
     75.000     6.4014     6.3948  34.823088    35.0617    27.5499     0.4451 0.0000e+00
     76.000     6.3612     6.3545  34.793185    35.0691    27.5611     0.3793 0.0000e+00
     77.000     6.2959     6.2891  34.747878    35.0851    27.5824     0.2735 0.0000e+00
     78.000     6.2728     6.2660  34.732430    35.0910    27.5901     0.1649 0.0000e+00
     79.000     6.2975     6.2906  34.749531    35.0842    27.5815     0.1758 0.0000e+00
     80.000     6.2294     6.2224  34.697309    35.0954    27.5993     0.1612 0.0000e+00
     81.000     6.2210     6.2140  34.690872    35.0963    27.6011     0.0875 0.0000e+00
     82.000     6.1991     6.1920  34.673893    35.0992    27.6063    -0.0087 0.0000e+00
     83.000     6.2125     6.2053  34.684414    35.0967    27.6026     0.0292 0.0000e+00
     84.000     6.1725     6.1652  34.652801    35.1020    27.6120     0.0032 0.0000e+00
     85.000     6.1599     6.1526  34.641310    35.1016    27.6133    -0.0199 0.0000e+00
     86.000     6.1406     6.1332  34.621987    35.0993    27.6140    -0.0634 0.0000e+00
     87.000     6.1268     6.1193  34.608952    35.0983    27.6151    -0.0494 0.0000e+00
     88.000     6.1232     6.1156  34.605799    35.0980    27.6153    -0.0649 0.0000e+00
     89.000     6.1234     6.1157  34.606787    35.0984    27.6156    -0.0643 0.0000e+00
     90.000     6.1280     6.1202  34.612873    35.1000    27.6162    -0.0652 0.0000e+00
     91.000     6.1369     6.1290  34.624476    35.1033    27.6177    -0.0651 0.0000e+00
     92.000     6.1393     6.1313  34.627935    35.1042    27.6182    -0.0652 0.0000e+00
     93.000     6.1288     6.1207  34.618094    35.1035    27.6190    -0.0641 0.0000e+00
     94.000     6.0908     6.0827  34.582342    35.1020    27.6227    -0.0632 0.0000e+00
     95.000     6.0786     6.0704  34.571104    35.1014    27.6238    -0.0664 0.0000e+00
     96.000     6.0653     6.0571  34.559765    35.1018    27.6259    -0.0665 0.0000e+00
     97.000     6.0589     6.0506  34.554603    35.1021    27.6269    -0.0665 0.0000e+00
     98.000     6.0510     6.0426  34.548146    35.1025    27.6283    -0.0646 0.0000e+00
     99.000     6.0498     6.0413  34.547479    35.1024    27.6284    -0.0794 0.0000e+00
    100.000     6.0469     6.0383  34.545280    35.1025    27.6288    -0.0666 0.0000e+00
    101.000     6.0438     6.0351  34.542987    35.1026    27.6293    -0.0789 0.0000e+00
    102.000     6.0382     6.0294  34.538444    35.1028    27.6302    -0.0824 0.0000e+00
    103.000     6.0277     6.0189  34.529371    35.1028    27.6316    -0.0677 0.0000e+00
    104.000     6.0056     5.9967  34.510283    35.1036    27.6351    -0.0906 0.0000e+00
    105.000     6.0000     5.9910  34.505708    35.1037    27.6359    -0.0763 0.0000e+00
    106.000     5.9922     5.9831  34.498774    35.1035    27.6368    -0.0666 0.0000e+00
    107.000     5.9903     5.9811  34.497642    35.1037    27.6371    -0.0971 0.0000e+00
    108.000     5.9895     5.9802  34.497191    35.1035    27.6371    -0.0659 0.0000e+00
    109.000     5.9883     5.9789  34.496601    35.1036    27.6373    -0.0925 0.0000e+00
    110.000     5.9820     5.9726  34.491484    35.1037    27.6383    -0.0955 0.0000e+00
    111.000     5.9786     5.9692  34.489322    35.1043    27.6391    -0.0774 0.0000e+00
    112.000     5.9660     5.9565  34.479311    35.1055    27.6417    -0.0835 0.0000e+00
    113.000     5.9377     5.9281  34.454422    35.1062    27.6459    -0.0685 0.0000e+00
    114.000     5.8944     5.8847  34.416224    35.1074    27.6524    -0.0913 0.0000e+00
    115.000     5.9019     5.8921  34.423041    35.1068    27.6510    -0.0708 0.0000e+00
    116.000     5.8800     5.8701  34.404415    35.1079    27.6546    -0.0644 0.0000e+00
    117.000     5.8727     5.8627  34.400126    35.1101    27.6574    -0.0669 0.0000e+00
    118.000     5.8714     5.8614  34.399458    35.1102    27.6576    -0.0826 0.0000e+00
    119.000     5.8682     5.8581  34.397595    35.1108    27.6585    -0.0753 0.0000e+00
    120.000     5.8644     5.8543  34.395616    35.1120    27.6599    -0.0805 0.0000e+00
    121.000     5.8627     5.8525  34.395294    35.1129    27.6609    -0.0990 0.0000e+00
    122.000     5.8625     5.8521  34.395827    35.1132    27.6611    -0.0857 0.0000e+00
    123.000     5.8605     5.8500  34.394795    35.1136    27.6617    -0.0886 0.0000e+00
    124.000     5.8431     5.8326  34.381630    35.1162    27.6659    -0.1033 0.0000e+00
    125.000     5.8345     5.8239  34.374922    35.1170    27.6677    -0.1019 0.0000e+00
    126.000     5.8298     5.8192  34.371223    35.1171    27.6684    -0.0964 0.0000e+00
    127.000     5.8370     5.8262  34.377433    35.1163    27.6668    -0.0810 0.0000e+00
    128.000     5.8258     5.8150  34.368220    35.1169    27.6688    -0.1034 0.0000e+00
    129.000     5.8199     5.8090  34.363697    35.1173    27.6698    -0.0975 0.0000e+00
    130.000     5.8098     5.7988  34.355593    35.1182    27.6718    -0.0985 0.0000e+00
    131.000     5.8132     5.8021  34.358652    35.1176    27.6709    -0.0974 0.0000e+00
    132.000     5.8051     5.7940  34.352177    35.1181    27.6724    -0.0973 0.0000e+00
    133.000     5.8029     5.7917  34.350726    35.1182    27.6727    -0.0953 0.0000e+00
    134.000     5.8016     5.7903  34.349976    35.1182    27.6729    -0.0962 0.0000e+00
    135.000     5.7901     5.7788  34.338812    35.1169    27.6733    -0.0902 0.0000e+00
    136.000     5.7399     5.7285  34.290587    35.1138    27.6772    -0.0848 0.0000e+00
    137.000     5.7146     5.7032  34.267524    35.1134    27.6800    -0.0948 0.0000e+00
    138.000     5.7103     5.6987  34.263590    35.1129    27.6802    -0.1032 0.0000e+00
    139.000     5.6832     5.6716  34.238362    35.1119    27.6828    -0.0954 0.0000e+00
    140.000     5.6650     5.6533  34.222008    35.1117    27.6849    -0.0950 0.0000e+00
    141.000     5.6555     5.6437  34.213193    35.1110    27.6856    -0.0982 0.0000e+00
    142.000     5.6450     5.6332  34.203872    35.1108    27.6867    -0.0981 0.0000e+00
    143.000     5.6430     5.6311  34.202190    35.1105    27.6867    -0.0981 0.0000e+00
    144.000     5.6257     5.6137  34.186365    35.1099    27.6884    -0.0952 0.0000e+00
    145.000     5.6153     5.6033  34.177343    35.1099    27.6897    -0.0962 0.0000e+00
    146.000     5.5900     5.5779  34.153114    35.1081    27.6915    -0.0977 0.0000e+00
    147.000     5.5636     5.5514  34.129821    35.1085    27.6951    -0.0977 0.0000e+00
    148.000     5.5721     5.5599  34.138078    35.1085    27.6940    -0.0902 0.0000e+00
    149.000     5.5627     5.5504  34.128431    35.1068    27.6938    -0.0955 0.0000e+00
    150.000     5.4996     5.4873  34.070786    35.1063    27.7012    -0.0993 0.0000e+00
    151.000     5.4836     5.4712  34.056260    35.1058    27.7028    -0.0958 0.0000e+00
    152.000     5.4757     5.4633  34.048890    35.1051    27.7032    -0.0850 0.0000e+00
    153.000     5.4669     5.4544  34.040482    35.1042    27.7035    -0.0990 0.0000e+00
    154.000     5.4465     5.4339  34.020693    35.1023    27.7045    -0.0984 0.0000e+00
    155.000     5.4016     5.3890  33.978005    35.0997    27.7080    -0.0978 0.0000e+00
    156.000     5.3841     5.3714  33.961971    35.0991    27.7097    -0.0964 0.0000e+00
    157.000     5.3280     5.3153  33.909216    35.0967    27.7145    -0.0963 0.0000e+00
    158.000     5.2900     5.2773  33.875280    35.0969    27.7193    -0.0977 0.0000e+00
    159.000     5.2822     5.2695  33.867594    35.0957    27.7193    -0.0969 0.0000e+00
    160.000     5.2665     5.2537  33.854321    35.0964    27.7217    -0.0972 0.0000e+00
    161.000     5.2576     5.2447  33.846592    35.0963    27.7227    -0.0937 0.0000e+00
    162.000     5.2485     5.2356  33.838531    35.0960    27.7235    -0.0866 0.0000e+00
    163.000     5.2349     5.2218  33.826830    35.0963    27.7255    -0.0976 0.0000e+00
    164.000     5.2271     5.2140  33.820500    35.0966    27.7266    -0.0944 0.0000e+00
    165.000     5.2169     5.2037  33.812169    35.0972    27.7284    -0.0860 0.0000e+00
    166.000     5.2137     5.2005  33.809993    35.0975    27.7290    -0.0984 0.0000e+00
    167.000     5.2108     5.1974  33.808395    35.0982    27.7299    -0.0991 0.0000e+00
    168.000     5.2096     5.1962  33.808382    35.0989    27.7306    -0.0936 0.0000e+00
    169.000     5.2108     5.1973  33.809890    35.0989    27.7304    -0.0975 0.0000e+00
    170.000     5.2089     5.1954  33.810382    35.1008    27.7322    -0.0933 0.0000e+00
    171.000     5.2083     5.1946  33.813230    35.1043    27.7350    -0.0950 0.0000e+00
    172.000     5.2089     5.1951  33.814206    35.1043    27.7350    -0.0971 0.0000e+00
    173.000     5.2049     5.1911  33.812586    35.1060    27.7368    -0.0976 0.0000e+00
    174.000     5.2040     5.1901  33.812423    35.1063    27.7371    -0.0997 0.0000e+00
    175.000     5.2037     5.1897  33.812687    35.1064    27.7373    -0.0946 0.0000e+00
    176.000     5.2034     5.1894  33.812983    35.1065    27.7374    -0.0963 0.0000e+00
    177.000     5.2031     5.1890  33.813433    35.1068    27.7377    -0.0963 0.0000e+00
    178.000     5.2029     5.1887  33.814017    35.1071    27.7380    -0.0975 0.0000e+00
    179.000     5.2041     5.1898  33.815335    35.1069    27.7377    -0.0988 0.0000e+00
    180.000     5.1991     5.1848  33.813448    35.1094    27.7403    -0.0978 0.0000e+00
    181.000     5.1818     5.1674  33.799467    35.1109    27.7436    -0.1044 0.0000e+00
