tests/test_data/sbe_files/sbe911plus/atwain_cruise_ctds/AT286.cnv
* Sea-Bird SBE 9 Data File:
* FileName = C:\ATWAIN_2017\hex\AT286.hex
* Software Version Seasave V 7.21b
* Temperature SN = 2400
* Conductivity SN = 3234
* Number of Bytes Per Scan = 34
* Number of Voltage Words = 4
* Number of Scans Averaged by the Deck Unit = 1
* NMEA baud rate = 4800
** ATWAIN 2017
** R/V Lance
** Sounding depth: 496
** Latitude: 80 04.0840
** Longitude: 10 22.8474
# nquan = 8
# nvalues = 486                         
# units = specified
# name 0 = prDM: Pressure, Digiquartz [db]
# name 1 = t090C: Temperature [ITS-90, deg C]
# name 2 = potemp090C: Potential Temperature [ITS-90, deg C]
# name 3 = c0mS/cm: Conductivity [mS/cm]
# name 4 = sal00: Salinity, Practical [PSU]
# name 5 = sigma-é00: Density [sigma-theta, kg/m^3]
# name 6 = flECO-AFL: Fluorescence, WET Labs ECO-AFL/FL [mg/m^3]
# name 7 = flag: flag
# span 0 =      2.000,    487.000       
# span 1 =     3.5334,     6.5689       
# span 2 =     3.4997,     6.5620       
# span 3 =  32.396264,  34.917057       
# span 4 =    34.9153,    35.1172       
# span 5 =    27.4438,    27.8741       
# span 6 =    -0.1276,     1.4288       
# span 7 = 0.0000e+00, 0.0000e+00       
# interval = decibars: 1                
# start_time = Sep 24 2017 19:07:41 [System UTC, first data scan.]
# bad_flag = -9.990e-29
*END*
[from data line 180]
    182.000     5.4719     5.4570  34.056017    35.1015    27.7011    -0.1014 0.0000e+00
    183.000     5.4645     5.4495  34.049630    35.1014    27.7019    -0.1024 0.0000e+00
    184.000     5.4544     5.4394  34.041034    35.1016    27.7033    -0.1077 0.0000e+00
    185.000     5.4502     5.4351  34.037746    35.1016    27.7039    -0.1040 0.0000e+00
    186.000     5.4373     5.4221  34.026518    35.1018    27.7056    -0.0996 0.0000e+00
    187.000     5.4025     5.3873  33.996411    35.1031    27.7109    -0.0977 0.0000e+00
    188.000     5.3728     5.3575  33.969863    35.1032    27.7145    -0.0998 0.0000e+00
    189.000     5.3529     5.3375  33.951979    35.1030    27.7168    -0.1016 0.0000e+00
    190.000     5.3451     5.3297  33.945220    35.1028    27.7176    -0.0884 0.0000e+00
    191.000     5.3442     5.3287  33.945019    35.1031    27.7179    -0.1063 0.0000e+00
    192.000     5.3425     5.3270  33.945961    35.1053    27.7199    -0.0967 0.0000e+00
    193.000     5.3538     5.3381  33.960198    35.1094    27.7218    -0.1021 0.0000e+00
    194.000     5.3461     5.3303  33.956896    35.1132    27.7257    -0.1037 0.0000e+00
    195.000     5.3217     5.3059  33.935747    35.1139    27.7293    -0.1024 0.0000e+00
    196.000     5.3163     5.3004  33.931152    35.1137    27.7298    -0.1030 0.0000e+00
    197.000     5.3127     5.2968  33.928201    35.1135    27.7301    -0.1011 0.0000e+00
    198.000     5.2910     5.2751  33.908308    35.1128    27.7321    -0.1018 0.0000e+00
    199.000     5.2737     5.2576  33.892378    35.1122    27.7337    -0.1021 0.0000e+00
    200.000     5.2637     5.2476  33.883770    35.1122    27.7350    -0.1039 0.0000e+00
    201.000     5.2124     5.1963  33.836776    35.1113    27.7404    -0.1024 0.0000e+00
    202.000     5.2107     5.1945  33.835581    35.1112    27.7405    -0.1092 0.0000e+00
    203.000     5.1969     5.1807  33.822944    35.1105    27.7416    -0.0993 0.0000e+00
    204.000     5.1992     5.1829  33.825107    35.1101    27.7410    -0.1009 0.0000e+00
    205.000     5.1834     5.1670  33.811216    35.1102    27.7430    -0.1010 0.0000e+00
    206.000     5.1819     5.1654  33.810350    35.1102    27.7432    -0.1002 0.0000e+00
    207.000     5.1791     5.1626  33.808248    35.1102    27.7435    -0.1008 0.0000e+00
    208.000     5.1693     5.1527  33.799395    35.1097    27.7443    -0.1157 0.0000e+00
    209.000     5.1529     5.1362  33.784479    35.1093    27.7459    -0.0956 0.0000e+00
    210.000     5.1280     5.1113  33.762522    35.1095    27.7490    -0.0998 0.0000e+00
    211.000     5.1155     5.0987  33.751624    35.1095    27.7506    -0.0997 0.0000e+00
    212.000     5.1102     5.0934  33.746781    35.1090    27.7507    -0.0987 0.0000e+00
    213.000     5.0895     5.0726  33.728159    35.1086    27.7529    -0.1013 0.0000e+00
    214.000     5.0875     5.0705  33.726680    35.1085    27.7531    -0.1030 0.0000e+00
    215.000     5.0877     5.0706  33.727176    35.1084    27.7530    -0.0998 0.0000e+00
    216.000     5.0865     5.0694  33.726238    35.1080    27.7528    -0.1018 0.0000e+00
    217.000     5.0740     5.0568  33.715056    35.1077    27.7540    -0.1000 0.0000e+00
    218.000     5.0317     5.0145  33.675046    35.1053    27.7571    -0.0997 0.0000e+00
    219.000     5.0220     5.0048  33.665904    35.1044    27.7576    -0.1026 0.0000e+00
    220.000     5.0090     4.9917  33.653788    35.1035    27.7584    -0.1019 0.0000e+00
    221.000     4.9951     4.9778  33.640821    35.1026    27.7593    -0.1003 0.0000e+00
    222.000     4.9596     4.9422  33.606712    35.0999    27.7613    -0.0976 0.0000e+00
    223.000     4.9454     4.9280  33.593666    35.0992    27.7624    -0.0997 0.0000e+00
    224.000     4.9127     4.8952  33.562715    35.0972    27.7646    -0.0987 0.0000e+00
    225.000     4.9034     4.8858  33.554725    35.0972    27.7657    -0.1013 0.0000e+00
    226.000     4.8833     4.8658  33.536331    35.0964    27.7674    -0.0986 0.0000e+00
    227.000     4.8820     4.8644  33.535463    35.0963    27.7675    -0.1036 0.0000e+00
    228.000     4.8853     4.8676  33.538862    35.0962    27.7670    -0.1028 0.0000e+00
    229.000     4.8803     4.8625  33.534886    35.0963    27.7677    -0.1065 0.0000e+00
    230.000     4.8788     4.8610  33.534013    35.0963    27.7679    -0.1039 0.0000e+00
    231.000     4.8777     4.8597  33.533405    35.0963    27.7680    -0.0986 0.0000e+00
    232.000     4.8760     4.8580  33.532208    35.0962    27.7681    -0.1013 0.0000e+00
    233.000     4.8733     4.8552  33.529947    35.0959    27.7682    -0.1005 0.0000e+00
    234.000     4.8692     4.8510  33.526049    35.0952    27.7681    -0.1051 0.0000e+00
    235.000     4.8670     4.8488  33.524863    35.0955    27.7687    -0.0989 0.0000e+00
    236.000     4.8652     4.8469  33.523796    35.0956    27.7690    -0.1005 0.0000e+00
    237.000     4.8625     4.8441  33.521661    35.0955    27.7691    -0.1088 0.0000e+00
    238.000     4.8575     4.8390  33.517105    35.0949    27.7693    -0.0938 0.0000e+00
    239.000     4.8544     4.8358  33.514608    35.0948    27.7696    -0.1011 0.0000e+00
    240.000     4.8521     4.8335  33.512901    35.0947    27.7697    -0.1001 0.0000e+00
    241.000     4.8505     4.8318  33.511573    35.0943    27.7696    -0.1005 0.0000e+00
    242.000     4.8480     4.8292  33.509507    35.0940    27.7697    -0.1007 0.0000e+00
    243.000     4.8405     4.8217  33.502644    35.0934    27.7701    -0.0997 0.0000e+00
    244.000     4.8320     4.8131  33.495045    35.0930    27.7708    -0.1018 0.0000e+00
    245.000     4.8245     4.8056  33.488321    35.0925    27.7712    -0.1024 0.0000e+00
    246.000     4.8211     4.8020  33.485401    35.0922    27.7714    -0.1025 0.0000e+00
    247.000     4.8163     4.7972  33.480920    35.0915    27.7714    -0.1030 0.0000e+00
    248.000     4.8099     4.7907  33.475116    35.0910    27.7718    -0.1013 0.0000e+00
    249.000     4.8071     4.7879  33.472990    35.0909    27.7720    -0.1010 0.0000e+00
    250.000     4.7985     4.7792  33.465172    35.0904    27.7726    -0.1016 0.0000e+00
    251.000     4.7941     4.7748  33.461686    35.0904    27.7731    -0.1036 0.0000e+00
    252.000     4.7911     4.7716  33.459264    35.0903    27.7733    -0.0999 0.0000e+00
    253.000     4.7879     4.7683  33.456669    35.0901    27.7736    -0.1059 0.0000e+00
    254.000     4.7868     4.7672  33.456137    35.0900    27.7737    -0.1022 0.0000e+00
    255.000     4.7826     4.7630  33.452604    35.0898    27.7740    -0.1022 0.0000e+00
    256.000     4.7707     4.7510  33.441876    35.0894    27.7750    -0.1043 0.0000e+00
    257.000     4.7719     4.7521  33.443716    35.0898    27.7752    -0.1008 0.0000e+00
    258.000     4.7689     4.7490  33.442554    35.0910    27.7765    -0.1012 0.0000e+00
    259.000     4.7613     4.7414  33.435961    35.0908    27.7772    -0.0983 0.0000e+00
    260.000     4.7519     4.7319  33.427241    35.0900    27.7777    -0.0996 0.0000e+00
    261.000     4.7141     4.6941  33.390455    35.0865    27.7792    -0.1151 0.0000e+00
    262.000     4.6987     4.6786  33.375678    35.0851    27.7798    -0.0873 0.0000e+00
    263.000     4.6903     4.6702  33.367547    35.0839    27.7798    -0.1031 0.0000e+00
    264.000     4.6771     4.6569  33.355149    35.0828    27.7805    -0.0974 0.0000e+00
    265.000     4.6708     4.6506  33.349552    35.0824    27.7809    -0.0994 0.0000e+00
    266.000     4.6715     4.6512  33.350455    35.0822    27.7806    -0.1003 0.0000e+00
    267.000     4.6588     4.6385  33.338970    35.0817    27.7816    -0.1001 0.0000e+00
    268.000     4.6554     4.6350  33.336088    35.0814    27.7818    -0.1030 0.0000e+00
    269.000     4.6562     4.6357  33.336898    35.0810    27.7814    -0.1276 0.0000e+00
    270.000     4.6591     4.6385  33.340205    35.0812    27.7813    -0.0934 0.0000e+00
    271.000     4.6527     4.6320  33.334328    35.0806    27.7815    -0.1001 0.0000e+00
    272.000     4.6491     4.6284  33.331541    35.0806    27.7819    -0.1057 0.0000e+00
    273.000     4.6441     4.6233  33.327202    35.0803    27.7822    -0.1024 0.0000e+00
    274.000     4.6414     4.6205  33.324967    35.0800    27.7824    -0.1024 0.0000e+00
    275.000     4.6317     4.6107  33.315920    35.0792    27.7828    -0.1025 0.0000e+00
    276.000     4.6268     4.6058  33.311887    35.0791    27.7832    -0.0962 0.0000e+00
    277.000     4.6198     4.5988  33.305717    35.0787    27.7838    -0.0989 0.0000e+00
    278.000     4.6190     4.5979  33.306057    35.0794    27.7844    -0.1012 0.0000e+00
    279.000     4.6165     4.5953  33.304073    35.0792    27.7846    -0.0967 0.0000e+00
    280.000     4.6153     4.5941  33.303368    35.0791    27.7846    -0.0915 0.0000e+00
    281.000     4.6062     4.5849  33.295502    35.0790    27.7856    -0.1003 0.0000e+00
    282.000     4.6048     4.5835  33.294741    35.0790    27.7857    -0.1016 0.0000e+00
    283.000     4.5892     4.5677  33.279660    35.0775    27.7862    -0.0995 0.0000e+00
    284.000     4.5805     4.5590  33.272206    35.0773    27.7871    -0.1039 0.0000e+00
    285.000     4.5766     4.5550  33.268686    35.0768    27.7872    -0.1030 0.0000e+00
    286.000     4.5675     4.5459  33.260601    35.0764    27.7878    -0.1046 0.0000e+00
    287.000     4.5586     4.5369  33.252695    35.0761    27.7886    -0.1001 0.0000e+00
    288.000     4.5480     4.5263  33.241810    35.0740    27.7881    -0.0970 0.0000e+00
    289.000     4.5056     4.4839  33.200501    35.0699    27.7896    -0.0983 0.0000e+00
    290.000     4.4974     4.4756  33.192478    35.0687    27.7895    -0.1025 0.0000e+00
    291.000     4.4895     4.4676  33.184827    35.0676    27.7895    -0.1024 0.0000e+00
    292.000     4.4805     4.4586  33.176518    35.0668    27.7899    -0.1026 0.0000e+00
    293.000     4.4724     4.4504  33.169044    35.0661    27.7903    -0.0977 0.0000e+00
    294.000     4.4606     4.4386  33.157903    35.0649    27.7906    -0.1006 0.0000e+00
    295.000     4.4556     4.4335  33.153388    35.0645    27.7908    -0.1002 0.0000e+00
    296.000     4.4503     4.4281  33.148827    35.0642    27.7912    -0.1037 0.0000e+00
    297.000     4.4493     4.4271  33.148350    35.0641    27.7912    -0.1026 0.0000e+00
    298.000     4.4491     4.4268  33.148723    35.0643    27.7914    -0.0992 0.0000e+00
    299.000     4.4571     4.4347  33.158398    35.0666    27.7924    -0.1061 0.0000e+00
    300.000     4.4643     4.4418  33.166275    35.0677    27.7925    -0.1022 0.0000e+00
    301.000     4.4670     4.4444  33.169640    35.0683    27.7927    -0.1001 0.0000e+00
    302.000     4.4716     4.4490  33.174935    35.0690    27.7927    -0.1033 0.0000e+00
    303.000     4.4844     4.4616  33.189189    35.0717    27.7935    -0.0994 0.0000e+00
    304.000     4.4870     4.4641  33.192971    35.0729    27.7941    -0.0983 0.0000e+00
    305.000     4.4862     4.4633  33.193213    35.0734    27.7946    -0.0989 0.0000e+00
    306.000     4.4818     4.4588  33.189280    35.0730    27.7948    -0.0994 0.0000e+00
    307.000     4.4744     4.4514  33.183075    35.0730    27.7956    -0.1019 0.0000e+00
    308.000     4.4791     4.4559  33.188779    35.0742    27.7961    -0.0984 0.0000e+00
    309.000     4.4813     4.4581  33.191804    35.0749    27.7964    -0.1026 0.0000e+00
    310.000     4.4822     4.4589  33.193247    35.0750    27.7964    -0.1017 0.0000e+00
    311.000     4.4846     4.4613  33.196102    35.0753    27.7964    -0.0987 0.0000e+00
    312.000     4.4834     4.4599  33.195507    35.0754    27.7966    -0.1017 0.0000e+00
    313.000     4.4684     4.4450  33.181127    35.0738    27.7970    -0.1125 0.0000e+00
    314.000     4.4830     4.4594  33.196620    35.0761    27.7972    -0.1030 0.0000e+00
    315.000     4.5100     4.4863  33.225515    35.0808    27.7979    -0.0995 0.0000e+00
    316.000     4.5364     4.5125  33.253468    35.0850    27.7984    -0.1002 0.0000e+00
    317.000     4.5337     4.5097  33.251638    35.0853    27.7989    -0.1017 0.0000e+00
    318.000     4.5268     4.5028  33.245337    35.0846    27.7992    -0.1173 0.0000e+00
    319.000     4.5236     4.4995  33.242525    35.0842    27.7992    -0.1055 0.0000e+00
    320.000     4.5172     4.4930  33.236848    35.0838    27.7996    -0.0969 0.0000e+00
    321.000     4.5227     4.4985  33.243258    35.0849    27.7999    -0.0991 0.0000e+00
    322.000     4.5033     4.4790  33.224426    35.0828    27.8004    -0.1007 0.0000e+00
    323.000     4.4891     4.4647  33.211006    35.0817    27.8011    -0.1009 0.0000e+00
    324.000     4.4765     4.4521  33.199008    35.0804    27.8014    -0.0979 0.0000e+00
    325.000     4.4646     4.4402  33.187558    35.0791    27.8017    -0.0998 0.0000e+00
    326.000     4.4246     4.4002  33.148638    35.0751    27.8030    -0.1036 0.0000e+00
    327.000     4.3801     4.3557  33.104946    35.0705    27.8042    -0.0975 0.0000e+00
    328.000     4.3589     4.3345  33.083978    35.0678    27.8043    -0.1031 0.0000e+00
    329.000     4.3445     4.3201  33.070179    35.0663    27.8047    -0.1213 0.0000e+00
    330.000     4.3147     4.2903  33.041263    35.0633    27.8056    -0.0981 0.0000e+00
    331.000     4.3004     4.2759  33.026887    35.0611    27.8054    -0.1014 0.0000e+00
    332.000     4.2841     4.2597  33.011273    35.0594    27.8058    -0.1012 0.0000e+00
    333.000     4.2610     4.2365  32.988986    35.0571    27.8065    -0.1017 0.0000e+00
    334.000     4.2663     4.2417  32.994170    35.0571    27.8059    -0.1022 0.0000e+00
    335.000     4.2508     4.2262  32.979222    35.0554    27.8062    -0.1024 0.0000e+00
    336.000     4.2500     4.2253  32.978591    35.0549    27.8059    -0.0999 0.0000e+00
    337.000     4.2376     4.2128  32.966668    35.0535    27.8062    -0.1014 0.0000e+00
    338.000     4.2321     4.2073  32.961642    35.0529    27.8063    -0.1029 0.0000e+00
    339.000     4.2363     4.2114  32.965996    35.0530    27.8059    -0.0994 0.0000e+00
    340.000     4.2205     4.1955  32.950900    35.0515    27.8064    -0.0962 0.0000e+00
    341.000     4.2150     4.1900  32.945694    35.0506    27.8064    -0.1003 0.0000e+00
    342.000     4.2154     4.1904  32.946631    35.0508    27.8064    -0.0999 0.0000e+00
    343.000     4.1892     4.1641  32.921344    35.0482    27.8072    -0.1030 0.0000e+00
    344.000     4.1739     4.1488  32.907330    35.0474    27.8082    -0.0974 0.0000e+00
    345.000     4.1744     4.1492  32.909023    35.0483    27.8089    -0.0923 0.0000e+00
    346.000     4.1854     4.1601  32.922131    35.0516    27.8103    -0.1009 0.0000e+00
    347.000     4.1772     4.1519  32.914766    35.0511    27.8108    -0.0972 0.0000e+00
    348.000     4.1678     4.1424  32.905717    35.0498    27.8108    -0.1006 0.0000e+00
    349.000     4.1290     4.1037  32.868064    35.0460    27.8119    -0.1025 0.0000e+00
    350.000     4.0883     4.0630  32.828710    35.0422    27.8132    -0.0990 0.0000e+00
    351.000     4.0913     4.0659  32.831900    35.0422    27.8129    -0.1052 0.0000e+00
    352.000     4.0241     3.9988  32.766343    35.0356    27.8147    -0.1006 0.0000e+00
    353.000     4.0051     3.9798  32.747686    35.0331    27.8147    -0.0977 0.0000e+00
    354.000     4.0191     3.9937  32.761125    35.0337    27.8137    -0.1005 0.0000e+00
    355.000     3.9808     3.9555  32.722566    35.0281    27.8133    -0.0996 0.0000e+00
    356.000     3.9438     3.9184  32.687992    35.0260    27.8154    -0.1003 0.0000e+00
    357.000     3.9312     3.9058  32.675738    35.0243    27.8154    -0.0996 0.0000e+00
    358.000     3.9306     3.9052  32.675240    35.0238    27.8151    -0.1007 0.0000e+00
    359.000     3.9326     3.9071  32.677110    35.0233    27.8145    -0.0989 0.0000e+00
    360.000     3.9314     3.9058  32.676060    35.0228    27.8142    -0.1007 0.0000e+00
