tests/functional_tests/test_data/sbe_files/sbe911plus/dml_2020/sta015_01.cnv
* Sea-Bird SBE 9 Data File:
* FileName = C:\DML_2020\hex_data\sta015_01.hex
* Software Version Seasave V 7.21b
* Temperature SN = 5299
* Conductivity SN = 3742
* Number of Bytes Per Scan = 45
* Number of Voltage Words = 4
* Number of Scans Averaged by the Deck Unit = 1
* NMEA Latitude = 69 15.02 S
* NMEA Longitude = 006 09.27 E
* NMEA UTC (Time) = Jan 05 2021  21:09:42
* NMEA baud rate = 4800
** Cruise: DML 2020
** Ship: Malik Arctica
** Station (File Number):  015
** Latitude:
** Longitude:
** Echodepth (m):
** Seastate:
# nquan = 15
# nvalues = 1768                        
# units = specified
# name 0 = scan: Scan Count
# name 1 = prDM: Pressure, Digiquartz [db]
# name 2 = t090C: Temperature [ITS-90, deg C]
# name 3 = c0S/m: Conductivity [S/m]
# name 4 = sbeox0V: Oxygen raw, SBE 43 [V]
# name 5 = flECO-AFL: Fluorescence, WET Labs ECO-AFL/FL [mg/m^3]
# name 6 = altM: Altimeter [m]
# name 7 = timeS: Time, Elapsed [seconds]
# name 8 = sal00: Salinity, Practical [PSU]
# name 9 = sbeox0ML/L: Oxygen, SBE 43 [ml/l], WS = 2
# name 10 = sigma-é00: Density [sigma-theta, kg/m^3]
# name 11 = depSM: Depth [salt water, m], lat = -69.2503
# name 12 = svCM: Sound Velocity [Chen-Millero, m/s]
# name 13 = avgsvCM: Average Sound Velocity [Chen-Millero, m/s], minP = 20, minS = 20
# name 14 = flag: flag
# span 0 =       2662,      55038       
# span 1 =      2.000,   1776.000       
# span 2 =    -1.8063,     0.8615       
# span 3 =   2.681405,   2.974803       
# span 4 =     1.5588,     2.3984       
# span 5 =     1.0142,     4.8108       
# span 6 =       8.90,      99.58       
# span 7 =    110.892,   2293.220       
# span 8 =    33.9089,    34.6870       
# span 9 =     4.6282,     7.4944       
# span 10 =    27.2910,    27.8437      
# span 11 =      1.980,   1750.654      
# span 12 =    1439.81,    1479.02      
# span 13 =       0.00,    1464.45      
# span 14 = 0.0000e+00, 0.0000e+00      
# interval = decibars: 1                
# start_time = Jan 05 2021 21:09:43 [NMEA time, first data scan]
# bad_flag = -9.990e-29
*END*
[from data line 1157]
      33336   1159.000     0.3568   2.961509     1.6262     1.0477      69.82   1388.944    34.6764     4.7923    27.8285   1144.127    1469.38    1458.90 0.0000e+00
      33362   1160.000     0.3563   2.961511     1.6264     1.0477      98.79   1390.025    34.6764     4.7895    27.8285   1145.111    1469.39    1458.91 0.0000e+00
      33388   1161.000     0.3551   2.961446     1.6261     1.0466      98.68   1391.105    34.6763     4.7872    27.8286   1146.096    1469.40    1458.91 0.0000e+00
      33413   1162.000     0.3528   2.961289     1.6258     1.0624      98.68   1392.186    34.6763     4.7874    27.8287   1147.080    1469.41    1458.92 0.0000e+00
      33439   1163.000     0.3525   2.961306     1.6260     1.0612      98.68   1393.270    34.6762     4.7881    27.8286   1148.065    1469.42    1458.93 0.0000e+00
      33466   1164.000     0.3515   2.961259     1.6255     1.0464      98.68   1394.366    34.6763     4.7909    27.8287   1149.049    1469.44    1458.94 0.0000e+00
      33492   1165.000     0.3516   2.961316     1.6258     1.0628      98.68   1395.455    34.6763     4.7899    27.8287   1150.033    1469.46    1458.95 0.0000e+00
      33518   1166.000     0.3510   2.961304     1.6254     1.0758      98.68   1396.552    34.6763     4.7878    27.8287   1151.018    1469.47    1458.96 0.0000e+00
      33544   1167.000     0.3504   2.961293     1.6251     1.0603      52.84   1397.636    34.6763     4.7899    27.8287   1152.002    1469.48    1458.97 0.0000e+00
      33570   1168.000     0.3482   2.961149     1.6254     1.0466      98.53   1398.726    34.6763     4.7910    27.8289   1152.987    1469.49    1458.97 0.0000e+00
      33596   1169.000     0.3479   2.961158     1.6249     1.0466      98.68   1399.812    34.6761     4.7836    27.8288   1153.971    1469.51    1458.98 0.0000e+00
      33623   1170.000     0.3461   2.961045     1.6247     1.0640      98.68   1400.916    34.6761     4.7914    27.8289   1154.955    1469.51    1458.99 0.0000e+00
      33649   1171.000     0.3455   2.961024     1.6245     1.0590      98.68   1402.017    34.6760     4.7903    27.8288   1155.940    1469.53    1459.00 0.0000e+00
      33676   1172.000     0.3454   2.961063     1.6245     1.0467      98.68   1403.119    34.6760     4.7883    27.8289   1156.924    1469.54    1459.01 0.0000e+00
      33703   1173.000     0.3448   2.961056     1.6244     1.0466      53.75   1404.230    34.6760     4.7937    27.8289   1157.909    1469.56    1459.02 0.0000e+00
      33729   1174.000     0.3440   2.961026     1.6245     1.0466      98.88   1405.338    34.6759     4.7919    27.8289   1158.893    1469.57    1459.03 0.0000e+00
      33756   1175.000     0.3438   2.961053     1.6243     1.0466      98.68   1406.453    34.6760     4.7943    27.8289   1159.877    1469.59    1459.04 0.0000e+00
      33783   1176.000     0.3419   2.960923     1.6246     1.0466      98.68   1407.563    34.6759     4.7925    27.8290   1160.862    1469.59    1459.05 0.0000e+00
      33809   1177.000     0.3399   2.960800     1.6239     1.0477      98.68   1408.680    34.6760     4.7875    27.8292   1161.846    1469.60    1459.06 0.0000e+00
      33836   1178.000     0.3395   2.960806     1.6240     1.0675      98.68   1409.809    34.6759     4.7956    27.8291   1162.831    1469.62    1459.06 0.0000e+00
      33865   1179.000     0.3390   2.960793     1.6238     1.0527      98.68   1411.000    34.6758     4.7921    27.8290   1163.815    1469.63    1459.07 0.0000e+00
      33893   1180.000     0.3386   2.960810     1.6239     1.0467      89.82   1412.175    34.6759     4.7935    27.8291   1164.799    1469.64    1459.08 0.0000e+00
      33922   1181.000     0.3385   2.960850     1.6237     1.0466      44.55   1413.372    34.6759     4.7968    27.8292   1165.784    1469.66    1459.09 0.0000e+00
      33951   1182.000     0.3386   2.960898     1.6239     1.0466      98.79   1414.565    34.6759     4.7981    27.8292   1166.768    1469.68    1459.10 0.0000e+00
      33979   1183.000     0.3386   2.960941     1.6240     1.0466      98.68   1415.737    34.6759     4.7990    27.8292   1167.752    1469.69    1459.11 0.0000e+00
      34007   1184.000     0.3386   2.960980     1.6238     1.0466      98.68   1416.919    34.6758     4.7942    27.8291   1168.737    1469.71    1459.12 0.0000e+00
      34035   1185.000     0.3386   2.961020     1.6239     1.0466      94.86   1418.103    34.6759     4.8012    27.8292   1169.721    1469.73    1459.13 0.0000e+00
      34064   1186.000     0.3385   2.961064     1.6239     1.0466      64.61   1419.308    34.6759     4.7972    27.8292   1170.705    1469.75    1459.14 0.0000e+00
      34093   1187.000     0.3386   2.961105     1.6238     1.0476      74.07   1420.506    34.6758     4.7978    27.8292   1171.690    1469.76    1459.15 0.0000e+00
      34122   1188.000     0.3385   2.961139     1.6236     1.0466      98.77   1421.713    34.6758     4.7955    27.8291   1172.674    1469.78    1459.16 0.0000e+00
      34151   1189.000     0.3385   2.961183     1.6234     1.0466      98.68   1422.904    34.6758     4.7984    27.8291   1173.658    1469.79    1459.16 0.0000e+00
      34180   1190.000     0.3386   2.961233     1.6232     1.0466      98.68   1424.134    34.6759     4.7951    27.8292   1174.642    1469.81    1459.17 0.0000e+00
      34210   1191.000     0.3387   2.961290     1.6234     1.0466      91.12   1425.381    34.6759     4.8015    27.8292   1175.627    1469.83    1459.18 0.0000e+00
      34241   1192.000     0.3388   2.961339     1.6231     1.0541      48.94   1426.659    34.6759     4.7957    27.8292   1176.611    1469.85    1459.19 0.0000e+00
      34272   1193.000     0.3388   2.961390     1.6228     1.0645      98.32   1427.949    34.6760     4.7938    27.8293   1177.595    1469.86    1459.20 0.0000e+00
      34303   1194.000     0.3390   2.961443     1.6226     1.0468      98.68   1429.239    34.6759     4.7970    27.8292   1178.580    1469.88    1459.21 0.0000e+00
      34334   1195.000     0.3391   2.961492     1.6226     1.0672      98.68   1430.526    34.6759     4.7936    27.8292   1179.564    1469.90    1459.22 0.0000e+00
      34364   1196.000     0.3390   2.961527     1.6218     1.0296      98.68   1431.803    34.6758     4.7908    27.8292   1180.548    1469.91    1459.23 0.0000e+00
      34395   1197.000     0.3388   2.961543     1.6220     1.0463      98.68   1433.086    34.6757     4.8007    27.8291   1181.533    1469.93    1459.24 0.0000e+00
      34426   1198.000     0.3386   2.961579     1.6218     1.0466      80.41   1434.365    34.6759     4.7956    27.8292   1182.517    1469.94    1459.24 0.0000e+00
      34457   1199.000     0.3386   2.961620     1.6217     1.0466      98.77   1435.652    34.6758     4.7946    27.8292   1183.501    1469.96    1459.25 0.0000e+00
      34487   1200.000     0.3387   2.961667     1.6215     1.0466      98.68   1436.922    34.6758     4.7940    27.8292   1184.485    1469.98    1459.26 0.0000e+00
      34518   1201.000     0.3388   2.961727     1.6214     1.0466      98.68   1438.207    34.6759     4.7989    27.8292   1185.469    1470.00    1459.27 0.0000e+00
      34549   1202.000     0.3386   2.961755     1.6213     1.0466      98.68   1439.488    34.6759     4.7953    27.8293   1186.454    1470.01    1459.28 0.0000e+00
      34580   1203.000     0.3382   2.961748     1.6213     1.0466      79.94   1440.773    34.6757     4.7977    27.8291   1187.438    1470.03    1459.29 0.0000e+00
      34610   1204.000     0.3382   2.961806     1.6210     1.0466      98.86   1442.054    34.6759     4.7971    27.8292   1188.422    1470.04    1459.29 0.0000e+00
      34641   1205.000     0.3383   2.961844     1.6210     1.0466      98.68   1443.331    34.6758     4.7923    27.8292   1189.406    1470.06    1459.30 0.0000e+00
      34672   1206.000     0.3382   2.961877     1.6206     1.0466      98.68   1444.609    34.6758     4.7961    27.8292   1190.391    1470.08    1459.31 0.0000e+00
      34702   1207.000     0.3376   2.961871     1.6205     1.0466      98.68   1445.883    34.6757     4.7944    27.8292   1191.375    1470.09    1459.32 0.0000e+00
      34733   1208.000     0.3371   2.961874     1.6201     1.0485      98.68   1447.166    34.6758     4.7937    27.8293   1192.359    1470.10    1459.33 0.0000e+00
      34764   1209.000     0.3366   2.961862     1.6200     1.0755      98.68   1448.439    34.6757     4.7937    27.8292   1193.343    1470.12    1459.34 0.0000e+00
      34795   1210.000     0.3353   2.961799     1.6197     1.0652      68.93   1449.729    34.6757     4.7951    27.8293   1194.327    1470.13    1459.35 0.0000e+00
      34825   1211.000     0.3337   2.961702     1.6197     1.0463      99.09   1451.017    34.6756     4.7946    27.8294   1195.312    1470.14    1459.36 0.0000e+00
      34857   1212.000     0.3335   2.961716     1.6195     1.0668      98.68   1452.317    34.6755     4.7969    27.8293   1196.296    1470.15    1459.37 0.0000e+00
      34888   1213.000     0.3317   2.961609     1.6194     1.0525      98.68   1453.614    34.6756     4.7946    27.8294   1197.280    1470.16    1459.38 0.0000e+00
      34919   1214.000     0.3312   2.961601     1.6193     1.0757      98.68   1454.911    34.6755     4.7949    27.8294   1198.264    1470.18    1459.39 0.0000e+00
      34950   1215.000     0.3313   2.961664     1.6191     1.0670      73.68   1456.196    34.6756     4.7970    27.8295   1199.249    1470.19    1459.39 0.0000e+00
      34980   1216.000     0.3313   2.961704     1.6189     1.0465      97.67   1457.466    34.6756     4.7964    27.8294   1200.233    1470.21    1459.40 0.0000e+00
      35011   1217.000     0.3312   2.961739     1.6190     1.0632      98.68   1458.731    34.6756     4.7986    27.8295   1201.217    1470.23    1459.41 0.0000e+00
      35041   1218.000     0.3315   2.961797     1.6189     1.0760      98.68   1459.987    34.6755     4.7963    27.8294   1202.201    1470.24    1459.42 0.0000e+00
      35071   1219.000     0.3315   2.961849     1.6188     1.0503      98.68   1461.256    34.6756     4.7978    27.8294   1203.185    1470.26    1459.43 0.0000e+00
      35102   1220.000     0.3314   2.961886     1.6185     1.0467      98.68   1462.523    34.6756     4.7962    27.8295   1204.169    1470.28    1459.44 0.0000e+00
      35133   1221.000     0.3314   2.961918     1.6186     1.0466      98.68   1463.815    34.6755     4.7961    27.8294   1205.153    1470.29    1459.45 0.0000e+00
      35164   1222.000     0.3319   2.961999     1.6183     1.0466      68.74   1465.115    34.6755     4.7988    27.8294   1206.138    1470.31    1459.46 0.0000e+00
      35195   1223.000     0.3318   2.962046     1.6184     1.0475      95.33   1466.428    34.6756     4.7981    27.8295   1207.122    1470.33    1459.46 0.0000e+00
      35227   1224.000     0.3315   2.962057     1.6183     1.0466      98.63   1467.730    34.6756     4.7973    27.8295   1208.106    1470.34    1459.47 0.0000e+00
      35258   1225.000     0.3305   2.962018     1.6178     1.0475      98.68   1469.028    34.6756     4.7943    27.8295   1209.090    1470.36    1459.48 0.0000e+00
      35289   1226.000     0.3307   2.962069     1.6179     1.0466      98.68   1470.317    34.6755     4.8001    27.8295   1210.074    1470.37    1459.49 0.0000e+00
      35320   1227.000     0.3303   2.962076     1.6178     1.0466      76.40   1471.610    34.6755     4.7994    27.8295   1211.058    1470.39    1459.50 0.0000e+00
      35351   1228.000     0.3304   2.962125     1.6179     1.0643      91.05   1472.901    34.6755     4.8007    27.8295   1212.043    1470.40    1459.51 0.0000e+00
      35382   1229.000     0.3303   2.962164     1.6176     1.0543      98.59   1474.193    34.6755     4.7963    27.8295   1213.027    1470.42    1459.51 0.0000e+00
      35413   1230.000     0.3304   2.962222     1.6176     1.0466      98.68   1475.496    34.6756     4.8006    27.8296   1214.011    1470.44    1459.52 0.0000e+00
      35444   1231.000     0.3305   2.962265     1.6175     1.0466      98.68   1476.801    34.6755     4.8013    27.8295   1214.995    1470.46    1459.53 0.0000e+00
      35476   1232.000     0.3306   2.962323     1.6176     1.0466      98.68   1478.117    34.6756     4.7999    27.8295   1215.979    1470.47    1459.54 0.0000e+00
      35507   1233.000     0.3304   2.962345     1.6175     1.0630      98.56   1479.430    34.6756     4.8005    27.8296   1216.963    1470.49    1459.55 0.0000e+00
      35539   1234.000     0.3299   2.962351     1.6171     1.0532      60.80   1480.752    34.6756     4.7964    27.8296   1217.947    1470.50    1459.56 0.0000e+00
      35570   1235.000     0.3300   2.962392     1.6167     1.0465      96.34   1482.058    34.6755     4.7963    27.8295   1218.931    1470.52    1459.57 0.0000e+00
      35602   1236.000     0.3297   2.962406     1.6166     1.0466      98.69   1483.360    34.6755     4.7979    27.8295   1219.915    1470.54    1459.58 0.0000e+00
      35633   1237.000     0.3272   2.962235     1.6165     1.0475      98.68   1484.651    34.6755     4.7999    27.8297   1220.900    1470.54    1459.59 0.0000e+00
      35664   1238.000     0.3258   2.962150     1.6162     1.0634      98.68   1485.941    34.6753     4.7976    27.8296   1221.884    1470.55    1459.60 0.0000e+00
      35695   1239.000     0.3246   2.962087     1.6160     1.0758      69.84   1487.241    34.6753     4.7935    27.8297   1222.868    1470.56    1459.60 0.0000e+00
      35726   1240.000     0.3241   2.962079     1.6158     1.0749      91.02   1488.546    34.6753     4.8013    27.8297   1223.852    1470.57    1459.61 0.0000e+00
      35758   1241.000     0.3234   2.962071     1.6158     1.0465      98.74   1489.864    34.6753     4.8007    27.8297   1224.836    1470.59    1459.62 0.0000e+00
      35789   1242.000     0.3225   2.962031     1.6158     1.0466      98.68   1491.185    34.6753     4.8009    27.8298   1225.820    1470.60    1459.63 0.0000e+00
      35822   1243.000     0.3202   2.961871     1.6157     1.0466      98.68   1492.524    34.6752     4.8023    27.8299   1226.804    1470.61    1459.64 0.0000e+00
      35853   1244.000     0.3189   2.961809     1.6156     1.0466      74.24   1493.848    34.6753     4.7988    27.8300   1227.788    1470.62    1459.65 0.0000e+00
      35885   1245.000     0.3181   2.961783     1.6155     1.0466      92.63   1495.157    34.6753     4.8003    27.8300   1228.772    1470.63    1459.66 0.0000e+00
      35916   1246.000     0.3182   2.961826     1.6151     1.0417      57.58   1496.444    34.6752     4.8012    27.8300   1229.756    1470.65    1459.67 0.0000e+00
      35946   1247.000     0.3180   2.961854     1.6152     1.0332      98.35   1497.724    34.6752     4.8006    27.8300   1230.740    1470.66    1459.68 0.0000e+00
      35977   1248.000     0.3178   2.961882     1.6149     1.0467      57.26   1498.988    34.6752     4.7981    27.8300   1231.724    1470.68    1459.68 0.0000e+00
      36007   1249.000     0.3179   2.961920     1.6147     1.0466      98.78   1500.253    34.6751     4.8030    27.8299   1232.708    1470.70    1459.69 0.0000e+00
      36038   1250.000     0.3177   2.961959     1.6150     1.0466      98.68   1501.525    34.6752     4.8025    27.8300   1233.692    1470.71    1459.70 0.0000e+00
      36068   1251.000     0.3179   2.962011     1.6145     1.0466      98.68   1502.800    34.6752     4.7988    27.8300   1234.676    1470.73    1459.71 0.0000e+00
      36099   1252.000     0.3179   2.962051     1.6145     1.0466      98.68   1504.090    34.6752     4.8020    27.8300   1235.660    1470.75    1459.72 0.0000e+00
      36130   1253.000     0.3174   2.962060     1.6144     1.0475      63.01   1505.380    34.6752     4.8022    27.8300   1236.644    1470.76    1459.73 0.0000e+00
      36161   1254.000     0.3175   2.962112     1.6143     1.0466      99.11   1506.682    34.6753     4.8055    27.8301   1237.628    1470.78    1459.73 0.0000e+00
