tests/functional_tests/test_data/sbe_files/sbe911plus/dml_2020/sta015_01.cnv
* Sea-Bird SBE 9 Data File:
* FileName = C:\DML_2020\hex_data\sta015_01.hex
* Software Version Seasave V 7.21b
* Temperature SN = 5299
* Conductivity SN = 3742
* Number of Bytes Per Scan = 45
* Number of Voltage Words = 4
* Number of Scans Averaged by the Deck Unit = 1
* NMEA Latitude = 69 15.02 S
* NMEA Longitude = 006 09.27 E
* NMEA UTC (Time) = Jan 05 2021  21:09:42
* NMEA baud rate = 4800
** Cruise: DML 2020
** Ship: Malik Arctica
** Station (File Number):  015
** Latitude:
** Longitude:
** Echodepth (m):
** Seastate:
# nquan = 15
# nvalues = 1768                        
# units = specified
# name 0 = scan: Scan Count
# name 1 = prDM: Pressure, Digiquartz [db]
# name 2 = t090C: Temperature [ITS-90, deg C]
# name 3 = c0S/m: Conductivity [S/m]
# name 4 = sbeox0V: Oxygen raw, SBE 43 [V]
# name 5 = flECO-AFL: Fluorescence, WET Labs ECO-AFL/FL [mg/m^3]
# name 6 = altM: Altimeter [m]
# name 7 = timeS: Time, Elapsed [seconds]
# name 8 = sal00: Salinity, Practical [PSU]
# name 9 = sbeox0ML/L: Oxygen, SBE 43 [ml/l], WS = 2
# name 10 = sigma-é00: Density [sigma-theta, kg/m^3]
# name 11 = depSM: Depth [salt water, m], lat = -69.2503
# name 12 = svCM: Sound Velocity [Chen-Millero, m/s]
# name 13 = avgsvCM: Average Sound Velocity [Chen-Millero, m/s], minP = 20, minS = 20
# name 14 = flag: flag
# span 0 =       2662,      55038       
# span 1 =      2.000,   1776.000       
# span 2 =    -1.8063,     0.8615       
# span 3 =   2.681405,   2.974803       
# span 4 =     1.5588,     2.3984       
# span 5 =     1.0142,     4.8108       
# span 6 =       8.90,      99.58       
# span 7 =    110.892,   2293.220       
# span 8 =    33.9089,    34.6870       
# span 9 =     4.6282,     7.4944       
# span 10 =    27.2910,    27.8437      
# span 11 =      1.980,   1750.654      
# span 12 =    1439.81,    1479.02      
# span 13 =       0.00,    1464.45      
# span 14 = 0.0000e+00, 0.0000e+00      
# interval = decibars: 1                
# start_time = Jan 05 2021 21:09:43 [NMEA time, first data scan]
# bad_flag = -9.990e-29
*END*
[from data line 675]
      21691    677.000     0.6851   2.969324     1.6855     1.0466      98.68    903.763    34.6845     4.6838    27.8141    669.082    1462.91    1453.96 0.0000e+00
      21711    678.000     0.6766   2.968588     1.6852     1.0466      98.68    904.566    34.6839     4.6871    27.8141    670.069    1462.89    1453.97 0.0000e+00
      21730    679.000     0.6748   2.968500     1.6853     1.0466      98.68    905.373    34.6842     4.6874    27.8144    671.055    1462.90    1453.98 0.0000e+00
      21749    680.000     0.6793   2.968966     1.6850     1.0653      98.68    906.176    34.6846     4.6832    27.8145    672.042    1462.93    1454.00 0.0000e+00
      21769    681.000     0.6772   2.968817     1.6848     1.0675      98.68    907.003    34.6845     4.6889    27.8146    673.029    1462.94    1454.01 0.0000e+00
      21793    682.000     0.6768   2.968834     1.6850     1.0467      83.22    908.015    34.6846     4.6935    27.8146    674.015    1462.96    1454.02 0.0000e+00
      21823    683.000     0.6754   2.968751     1.6852     1.0739      95.86    909.263    34.6845     4.6929    27.8147    675.002    1462.96    1454.04 0.0000e+00
      21853    684.000     0.6743   2.968693     1.6854     1.0728      98.68    910.520    34.6844     4.6952    27.8147    675.989    1462.98    1454.05 0.0000e+00
      21880    685.000     0.6697   2.968313     1.6854     1.0464      98.68    911.614    34.6841     4.6932    27.8147    676.975    1462.97    1454.06 0.0000e+00
      21902    686.000     0.6665   2.968063     1.6851     1.0466      98.68    912.541    34.6838     4.6916    27.8147    677.962    1462.97    1454.07 0.0000e+00
      21925    687.000     0.6625   2.967742     1.6852     1.0466      98.68    913.488    34.6835     4.6957    27.8147    678.949    1462.97    1454.08 0.0000e+00
      21950    688.000     0.6604   2.967612     1.6851     1.0527      94.64    914.522    34.6836     4.6908    27.8148    679.935    1462.98    1454.10 0.0000e+00
      21975    689.000     0.6595   2.967556     1.6845     1.0759      72.00    915.563    34.6833     4.6970    27.8147    680.922    1462.99    1454.11 0.0000e+00
      22001    690.000     0.6529   2.966992     1.6851     1.0695      68.28    916.654    34.6828     4.7019    27.8147    681.908    1462.98    1454.13 0.0000e+00
      22027    691.000     0.6485   2.966640     1.6851     1.0463      99.08    917.743    34.6825     4.6999    27.8147    682.895    1462.97    1454.14 0.0000e+00
      22049    692.000     0.6490   2.966720     1.6851     1.0471      98.68    918.678    34.6824     4.7037    27.8146    683.882    1462.99    1454.15 0.0000e+00
      22071    693.000     0.6430   2.966204     1.6855     1.0756      98.68    919.569    34.6818     4.7108    27.8145    684.868    1462.98    1454.17 0.0000e+00
      22091    694.000     0.6390   2.965885     1.6860     1.0548      98.68    920.422    34.6816     4.7073    27.8146    685.855    1462.98    1454.17 0.0000e+00
      22111    695.000     0.6398   2.966007     1.6854     1.0583      98.68    921.261    34.6817     4.7021    27.8146    686.842    1463.00    1454.19 0.0000e+00
      22131    696.000     0.6401   2.966080     1.6855     1.0754      98.68    922.100    34.6817     4.7083    27.8146    687.828    1463.02    1454.20 0.0000e+00
      22154    697.000     0.6399   2.966105     1.6859     1.0754      98.68    923.032    34.6817     4.7160    27.8146    688.815    1463.03    1454.21 0.0000e+00
      22179    698.000     0.6252   2.964799     1.6864     1.0480      94.20    924.068    34.6807     4.7186    27.8147    689.802    1462.98    1454.23 0.0000e+00
      22204    699.000     0.6224   2.964577     1.6865     1.0467      44.76    925.133    34.6802     4.7119    27.8145    690.788    1462.98    1454.24 0.0000e+00
      22229    700.000     0.6209   2.964474     1.6862     1.0746      98.35    926.147    34.6800     4.7134    27.8144    691.775    1462.99    1454.25 0.0000e+00
      22252    701.000     0.6227   2.964693     1.6865     1.0518      54.93    927.110    34.6803     4.7192    27.8146    692.761    1463.02    1454.27 0.0000e+00
      22274    702.000     0.6239   2.964850     1.6866     1.0465      87.53    928.061    34.6804     4.7222    27.8145    693.748    1463.04    1454.27 0.0000e+00
      22298    703.000     0.6222   2.964732     1.6872     1.0625      98.73    929.025    34.6802     4.7284    27.8145    694.734    1463.05    1454.29 0.0000e+00
      22322    704.000     0.6098   2.963569     1.6876     1.0625      98.68    930.027    34.6784     4.7271    27.8138    695.721    1463.01    1454.30 0.0000e+00
      22346    705.000     0.5995   2.962707     1.6877     1.0463      98.68    931.038    34.6781     4.7266    27.8142    696.708    1462.98    1454.31 0.0000e+00
      22370    706.000     0.5995   2.962767     1.6875     1.0553      98.68    932.039    34.6783     4.7262    27.8144    697.694    1462.99    1454.33 0.0000e+00
      22394    707.000     0.6000   2.962835     1.6877     1.0698      98.67    933.022    34.6781     4.7314    27.8142    698.681    1463.01    1454.34 0.0000e+00
      22417    708.000     0.6016   2.963054     1.6879     1.0470      63.30    933.982    34.6786     4.7333    27.8145    699.667    1463.04    1454.35 0.0000e+00
      22440    709.000     0.5896   2.961911     1.6883     1.0466      97.98    934.940    34.6765     4.7379    27.8135    700.654    1463.00    1454.36 0.0000e+00
      22462    710.000     0.5842   2.961498     1.6884     1.0745      98.68    935.895    34.6766     4.7327    27.8139    701.640    1462.99    1454.38 0.0000e+00
      22486    711.000     0.5853   2.961618     1.6882     1.0538      98.68    936.859    34.6764     4.7369    27.8137    702.627    1463.01    1454.39 0.0000e+00
      22509    712.000     0.5722   2.960467     1.6886     1.0314      98.68    937.830    34.6755     4.7484    27.8138    703.613    1462.96    1454.40 0.0000e+00
      22532    713.000     0.5772   2.961003     1.6894     1.0538      98.68    938.807    34.6762     4.7528    27.8141    704.600    1463.00    1454.41 0.0000e+00
      22556    714.000     0.5788   2.961178     1.6902     1.0631      98.68    939.786    34.6761     4.7567    27.8139    705.587    1463.03    1454.42 0.0000e+00
      22579    715.000     0.5756   2.960936     1.6907     1.0564      98.68    940.768    34.6760     4.7584    27.8140    706.573    1463.03    1454.43 0.0000e+00
      22603    716.000     0.5731   2.960746     1.6916     1.0757      98.68    941.762    34.6758     4.7617    27.8140    707.560    1463.03    1454.44 0.0000e+00
      22627    717.000     0.5780   2.961251     1.6916     1.0723      70.24    942.755    34.6763     4.7539    27.8141    708.546    1463.07    1454.46 0.0000e+00
      22651    718.000     0.5709   2.960597     1.6919     1.0481      95.93    943.762    34.6751     4.7606    27.8135    709.533    1463.06    1454.47 0.0000e+00
      22675    719.000     0.5509   2.958822     1.6922     1.0756      98.66    944.764    34.6738     4.7632    27.8137    710.519    1462.98    1454.48 0.0000e+00
      22699    720.000     0.5558   2.959324     1.6921     1.0759      98.68    945.770    34.6743     4.7608    27.8138    711.506    1463.02    1454.50 0.0000e+00
      22723    721.000     0.5497   2.958781     1.6924     1.0504      98.68    946.765    34.6735     4.7698    27.8135    712.492    1463.01    1454.50 0.0000e+00
      22747    722.000     0.5490   2.958791     1.6927     1.0466      98.68    947.753    34.6739     4.7708    27.8139    713.479    1463.02    1454.51 0.0000e+00
      22771    723.000     0.5496   2.958871     1.6933     1.0478      98.64    948.732    34.6736     4.7744    27.8136    714.465    1463.04    1454.53 0.0000e+00
      22794    724.000     0.5496   2.958947     1.6936     1.0466      82.09    949.707    34.6741     4.7761    27.8140    715.452    1463.06    1454.54 0.0000e+00
      22817    725.000     0.5490   2.958928     1.6940     1.0466      32.14    950.687    34.6739     4.7771    27.8139    716.438    1463.07    1454.55 0.0000e+00
      22841    726.000     0.5379   2.957980     1.6945     1.0466      98.18    951.661    34.6734     4.7830    27.8141    717.425    1463.03    1454.56 0.0000e+00
      22865    727.000     0.5370   2.957944     1.6946     1.0576      98.68    952.647    34.6733     4.7772    27.8142    718.411    1463.05    1454.57 0.0000e+00
      22888    728.000     0.5367   2.957953     1.6947     1.1028      98.68    953.629    34.6733     4.7792    27.8141    719.397    1463.06    1454.59 0.0000e+00
      22912    729.000     0.5370   2.958034     1.6944     1.0751      98.68    954.617    34.6733     4.7790    27.8142    720.384    1463.08    1454.60 0.0000e+00
      22936    730.000     0.5379   2.958173     1.6949     1.0469      98.68    955.611    34.6736     4.7845    27.8143    721.370    1463.10    1454.61 0.0000e+00
      22959    731.000     0.5386   2.958286     1.6949     1.0734      98.68    956.602    34.6737     4.7810    27.8143    722.357    1463.12    1454.62 0.0000e+00
      22984    732.000     0.5455   2.958996     1.6952     1.0515      98.68    957.604    34.6746     4.7852    27.8147    723.343    1463.17    1454.63 0.0000e+00
      23007    733.000     0.5562   2.960068     1.6951     1.0694      92.46    958.599    34.6760     4.7861    27.8152    724.330    1463.24    1454.64 0.0000e+00
      23031    734.000     0.5571   2.960190     1.6958     1.0580      44.18    959.600    34.6761     4.7844    27.8152    725.316    1463.26    1454.65 0.0000e+00
      23055    735.000     0.5575   2.960270     1.6954     1.0636      95.43    960.595    34.6761     4.7791    27.8152    726.303    1463.28    1454.67 0.0000e+00
      23079    736.000     0.5595   2.960515     1.6952     1.0625      63.80    961.595    34.6765     4.7768    27.8154    727.289    1463.30    1454.68 0.0000e+00
      23103    737.000     0.5584   2.960461     1.6945     1.0468      82.10    962.590    34.6764     4.7669    27.8154    728.275    1463.32    1454.69 0.0000e+00
      23127    738.000     0.5513   2.959834     1.6937     1.0466      98.62    963.580    34.6756     4.7678    27.8152    729.262    1463.30    1454.70 0.0000e+00
      23151    739.000     0.5465   2.959430     1.6930     1.0466      98.68    964.573    34.6752     4.7673    27.8151    730.248    1463.29    1454.72 0.0000e+00
      23174    740.000     0.5409   2.958950     1.6923     1.0466      98.68    965.562    34.6746     4.7679    27.8150    731.235    1463.28    1454.72 0.0000e+00
      23198    741.000     0.5340   2.958360     1.6920     1.0467      98.68    966.556    34.6740     4.7671    27.8150    732.221    1463.27    1454.73 0.0000e+00
      23222    742.000     0.5326   2.958284     1.6913     1.0746      98.68    967.543    34.6741     4.7653    27.8151    733.207    1463.28    1454.75 0.0000e+00
      23246    743.000     0.5323   2.958289     1.6906     1.0523      62.77    968.538    34.6739     4.7694    27.8149    734.194    1463.29    1454.76 0.0000e+00
      23270    744.000     0.5331   2.958402     1.6911     1.0466      98.88    969.526    34.6739     4.7783    27.8149    735.180    1463.31    1454.77 0.0000e+00
      23293    745.000     0.5343   2.958578     1.6911     1.0466      98.68    970.515    34.6743     4.7780    27.8152    736.167    1463.33    1454.78 0.0000e+00
      23317    746.000     0.5383   2.959003     1.6915     1.0466      98.68    971.503    34.6747     4.7832    27.8153    737.153    1463.37    1454.79 0.0000e+00
      23341    747.000     0.5402   2.959242     1.6919     1.0466      98.68    972.488    34.6752     4.7831    27.8156    738.139    1463.40    1454.81 0.0000e+00
      23365    748.000     0.5391   2.959191     1.6920     1.0564      98.68    973.483    34.6751     4.7835    27.8156    739.126    1463.41    1454.82 0.0000e+00
      23388    749.000     0.5390   2.959234     1.6922     1.0685      98.68    974.476    34.6753     4.7777    27.8157    740.112    1463.42    1454.83 0.0000e+00
      23412    750.000     0.5404   2.959412     1.6918     1.0466      98.68    975.478    34.6754     4.7743    27.8157    741.098    1463.44    1454.84 0.0000e+00
      23436    751.000     0.5422   2.959622     1.6913     1.0479      98.68    976.474    34.6756     4.7733    27.8157    742.085    1463.47    1454.85 0.0000e+00
      23460    752.000     0.5410   2.959549     1.6913     1.0756      63.39    977.476    34.6754     4.7774    27.8157    743.071    1463.48    1454.86 0.0000e+00
      23484    753.000     0.5392   2.959444     1.6910     1.0480      98.46    978.476    34.6754     4.7724    27.8158    744.057    1463.49    1454.87 0.0000e+00
      23508    754.000     0.5399   2.959558     1.6905     1.0733      98.68    979.472    34.6756     4.7719    27.8159    745.044    1463.51    1454.89 0.0000e+00
      23532    755.000     0.5442   2.960007     1.6904     1.0541      98.68    980.469    34.6761     4.7742    27.8160    746.030    1463.54    1454.89 0.0000e+00
      23556    756.000     0.5454   2.960172     1.6899     1.0466      98.68    981.454    34.6762     4.7698    27.8161    747.016    1463.57    1454.91 0.0000e+00
      23580    757.000     0.5438   2.960067     1.6898     1.0466      98.68    982.442    34.6761     4.7716    27.8161    748.003    1463.58    1454.92 0.0000e+00
      23603    758.000     0.5467   2.960393     1.6893     1.0466      97.83    983.417    34.6765     4.7686    27.8163    748.989    1463.61    1454.93 0.0000e+00
      23626    759.000     0.5501   2.960764     1.6889     1.0466      77.37    984.392    34.6771     4.7639    27.8165    749.975    1463.64    1454.94 0.0000e+00
      23650    760.000     0.5522   2.961022     1.6887     1.0466      98.41    985.362    34.6774     4.7680    27.8167    750.962    1463.67    1454.95 0.0000e+00
      23673    761.000     0.5519   2.961036     1.6881     1.0466      98.68    986.331    34.6774     4.7626    27.8167    751.948    1463.68    1454.96 0.0000e+00
      23697    762.000     0.5526   2.961147     1.6877     1.0466      98.68    987.313    34.6775     4.7584    27.8167    752.934    1463.70    1454.98 0.0000e+00
      23720    763.000     0.5530   2.961227     1.6870     1.0466      98.68    988.295    34.6775     4.7594    27.8167    753.921    1463.72    1454.99 0.0000e+00
      23744    764.000     0.5531   2.961271     1.6865     1.0466      98.68    989.292    34.6774     4.7552    27.8166    754.907    1463.74    1455.00 0.0000e+00
      23768    765.000     0.5524   2.961263     1.6858     1.0466      98.68    990.288    34.6775     4.7579    27.8167    755.893    1463.75    1455.01 0.0000e+00
      23792    766.000     0.5342   2.959620     1.6857     1.0678      98.68    991.295    34.6759     4.7623    27.8165    756.880    1463.68    1455.02 0.0000e+00
      23816    767.000     0.5249   2.958798     1.6852     1.0577      98.66    992.302    34.6750     4.7566    27.8164    757.866    1463.65    1455.03 0.0000e+00
      23840    768.000     0.5214   2.958518     1.6845     1.0466      80.87    993.308    34.6748     4.7539    27.8164    758.852    1463.65    1455.04 0.0000e+00
      23864    769.000     0.5210   2.958512     1.6841     1.0600      98.65    994.311    34.6744     4.7629    27.8162    759.838    1463.67    1455.05 0.0000e+00
      23888    770.000     0.5165   2.958152     1.6841     1.0564      98.68    995.308    34.6742     4.7684    27.8162    760.825    1463.67    1455.07 0.0000e+00
      23912    771.000     0.5182   2.958343     1.6846     1.0310      98.68    996.304    34.6743     4.7715    27.8162    761.811    1463.69    1455.08 0.0000e+00
      23936    772.000     0.5164   2.958221     1.6848     1.0465      91.24    997.287    34.6742     4.7790    27.8162    762.797    1463.70    1455.09 0.0000e+00
