tests/functional_tests/test_data/sbe_files/sbe911plus/dml_2020/sta015_01.cnv
* Sea-Bird SBE 9 Data File:
* FileName = C:\DML_2020\hex_data\sta015_01.hex
* Software Version Seasave V 7.21b
* Temperature SN = 5299
* Conductivity SN = 3742
* Number of Bytes Per Scan = 45
* Number of Voltage Words = 4
* Number of Scans Averaged by the Deck Unit = 1
* NMEA Latitude = 69 15.02 S
* NMEA Longitude = 006 09.27 E
* NMEA UTC (Time) = Jan 05 2021  21:09:42
* NMEA baud rate = 4800
** Cruise: DML 2020
** Ship: Malik Arctica
** Station (File Number):  015
** Latitude:
** Longitude:
** Echodepth (m):
** Seastate:
# nquan = 15
# nvalues = 1768                        
# units = specified
# name 0 = scan: Scan Count
# name 1 = prDM: Pressure, Digiquartz [db]
# name 2 = t090C: Temperature [ITS-90, deg C]
# name 3 = c0S/m: Conductivity [S/m]
# name 4 = sbeox0V: Oxygen raw, SBE 43 [V]
# name 5 = flECO-AFL: Fluorescence, WET Labs ECO-AFL/FL [mg/m^3]
# name 6 = altM: Altimeter [m]
# name 7 = timeS: Time, Elapsed [seconds]
# name 8 = sal00: Salinity, Practical [PSU]
# name 9 = sbeox0ML/L: Oxygen, SBE 43 [ml/l], WS = 2
# name 10 = sigma-é00: Density [sigma-theta, kg/m^3]
# name 11 = depSM: Depth [salt water, m], lat = -69.2503
# name 12 = svCM: Sound Velocity [Chen-Millero, m/s]
# name 13 = avgsvCM: Average Sound Velocity [Chen-Millero, m/s], minP = 20, minS = 20
# name 14 = flag: flag
# span 0 =       2662,      55038       
# span 1 =      2.000,   1776.000       
# span 2 =    -1.8063,     0.8615       
# span 3 =   2.681405,   2.974803       
# span 4 =     1.5588,     2.3984       
# span 5 =     1.0142,     4.8108       
# span 6 =       8.90,      99.58       
# span 7 =    110.892,   2293.220       
# span 8 =    33.9089,    34.6870       
# span 9 =     4.6282,     7.4944       
# span 10 =    27.2910,    27.8437      
# span 11 =      1.980,   1750.654      
# span 12 =    1439.81,    1479.02      
# span 13 =       0.00,    1464.45      
# span 14 = 0.0000e+00, 0.0000e+00      
# interval = decibars: 1                
# start_time = Jan 05 2021 21:09:43 [NMEA time, first data scan]
# bad_flag = -9.990e-29
*END*
       2662      2.000    -1.6855   2.682339     2.3967     2.0002      98.68    110.892    33.9174     7.4799    27.2978      1.980    1439.81       0.00 0.0000e+00
       2728      3.000    -1.6863   2.682152     2.3959     1.9827      98.68    113.608    33.9151     7.4747    27.2960      2.970    1439.81       0.00 0.0000e+00
       2789      4.000    -1.6902   2.681524     2.3955     1.9549      98.68    116.178    33.9102     7.4738    27.2920      3.960    1439.81       0.00 0.0000e+00
       2855      5.000    -1.6911   2.681405     2.3945     1.9744      98.68    118.918    33.9089     7.4712    27.2910      4.950    1439.82       0.00 0.0000e+00
       2924      6.000    -1.6900   2.681796     2.3940     1.9790      98.68    121.794    33.9125     7.4719    27.2939      5.939    1439.84       0.00 0.0000e+00
       2997      7.000    -1.6874   2.682512     2.3937     1.9652      98.68    124.825    33.9188     7.4738    27.2989      6.929    1439.88       0.00 0.0000e+00
       3062      8.000    -1.6833   2.683583     2.3940     2.0764      98.68    127.541    33.9284     7.4729    27.3066      7.919    1439.93       0.00 0.0000e+00
       3122      9.000    -1.6782   2.684941     2.3940     2.0169      98.68    130.030    33.9408     7.4742    27.3166      8.909    1439.99       0.00 0.0000e+00
       3182     10.000    -1.6748   2.685924     2.3943     2.1278      98.68    132.541    33.9500     7.4777    27.3240      9.899    1440.03       0.00 0.0000e+00
       3243     11.000    -1.6708   2.687291     2.3948     2.2390      98.68    135.076    33.9638     7.4736    27.3351     10.889    1440.08       0.00 0.0000e+00
       3294     12.000    -1.6648   2.689308     2.3945     2.3155      98.68    137.229    33.9843     7.4742    27.3516     11.879    1440.16       0.00 0.0000e+00
       3341     13.000    -1.6616   2.690406     2.3947     2.3976      98.68    139.185    33.9953     7.4721    27.3604     12.869    1440.20       0.00 0.0000e+00
       3395     14.000    -1.6568   2.692009     2.3946     2.6036      98.68    141.437    34.0115     7.4709    27.3735     13.858    1440.27       0.00 0.0000e+00
       3450     15.000    -1.6528   2.693292     2.3944     2.8410      98.68    143.705    34.0241     7.4680    27.3836     14.848    1440.32       0.00 0.0000e+00
       3497     16.000    -1.6528   2.693223     2.3943     2.8839      98.68    145.678    34.0225     7.4700    27.3823     15.838    1440.33       0.00 0.0000e+00
       3541     17.000    -1.6540   2.692881     2.3940     2.9386      98.68    147.510    34.0184     7.4704    27.3790     16.828    1440.34       0.00 0.0000e+00
       3588     18.000    -1.6518   2.693642     2.3946     3.0514      98.68    149.439    34.0259     7.4759    27.3850     17.818    1440.37       0.00 0.0000e+00
       3635     19.000    -1.6521   2.693615     2.3946     2.8946      98.68    151.432    34.0252     7.4754    27.3845     18.808    1440.39       0.00 0.0000e+00
       3681     20.000    -1.6519   2.693641     2.3947     2.7823      98.68    153.339    34.0247     7.4754    27.3840     19.797    1440.40     706.31 0.0000e+00
       3727     21.000    -1.6512   2.693662     2.3946     2.8761      98.68    155.267    34.0236     7.4735    27.3831     20.787    1440.42    1438.81 0.0000e+00
       3777     22.000    -1.6520   2.693253     2.3943     3.0073      98.68    157.333    34.0181     7.4765    27.3787     21.777    1440.43    1440.40 0.0000e+00
       3827     23.000    -1.6557   2.692314     2.3939     2.7772      98.68    159.421    34.0087     7.4711    27.3712     22.767    1440.41    1440.40 0.0000e+00
       3877     24.000    -1.6472   2.694810     2.3932     2.7691      98.68    161.514    34.0330     7.4669    27.3907     23.757    1440.50    1440.41 0.0000e+00
       3928     25.000    -1.6308   2.700411     2.3919     2.9796      98.68    163.614    34.0914     7.4544    27.4377     24.746    1440.68    1440.41 0.0000e+00
       3979     26.000    -1.6236   2.703439     2.3924     3.5739      98.68    165.765    34.1246     7.4676    27.4645     25.736    1440.77    1440.43 0.0000e+00
       4032     27.000    -1.6235   2.703602     2.3932     4.2046      98.68    167.955    34.1261     7.4672    27.4657     26.726    1440.79    1440.44 0.0000e+00
       4084     28.000    -1.6210   2.704152     2.3936     4.4696      98.68    170.137    34.1302     7.4686    27.4690     27.716    1440.82    1440.45 0.0000e+00
       4136     29.000    -1.6164   2.704997     2.3935     4.3506      98.68    172.291    34.1360     7.4652    27.4736     28.706    1440.87    1440.47 0.0000e+00
       4187     30.000    -1.6158   2.705407     2.3944     4.2815      98.68    174.418    34.1405     7.4808    27.4772     29.695    1440.90    1440.48 0.0000e+00
       4233     31.000    -1.6136   2.706027     2.3958     4.0397      98.68    176.351    34.1459     7.4818    27.4815     30.685    1440.93    1440.50 0.0000e+00
       4282     32.000    -1.6143   2.706297     2.3969     4.0074      98.68    178.368    34.1498     7.4887    27.4847     31.675    1440.95    1440.51 0.0000e+00
       4333     33.000    -1.6202   2.706187     2.3979     3.8727      98.68    180.501    34.1544     7.4944    27.4886     32.665    1440.94    1440.52 0.0000e+00
       4386     34.000    -1.6330   2.705925     2.3984     3.8154      98.68    182.729    34.1648     7.4872    27.4974     33.654    1440.91    1440.54 0.0000e+00
       4438     35.000    -1.6451   2.705927     2.3972     3.7525      98.68    184.870    34.1782     7.4807    27.5086     34.644    1440.89    1440.55 0.0000e+00
       4488     36.000    -1.6489   2.706007     2.3954     3.8564      98.68    186.965    34.1831     7.4700    27.5127     35.634    1440.89    1440.56 0.0000e+00
       4538     37.000    -1.6507   2.706234     2.3924     3.9549      98.68    189.037    34.1876     7.4524    27.5165     36.624    1440.91    1440.56 0.0000e+00
       4587     38.000    -1.6501   2.706554     2.3897     4.0796      98.68    191.102    34.1907     7.4478    27.5190     37.613    1440.93    1440.57 0.0000e+00
       4638     39.000    -1.6491   2.706811     2.3877     4.2089      98.68    193.191    34.1925     7.4461    27.5204     38.603    1440.95    1440.58 0.0000e+00
       4690     40.000    -1.6490   2.707057     2.3864     4.3368      98.68    195.380    34.1952     7.4437    27.5226     39.593    1440.97    1440.59 0.0000e+00
       4743     41.000    -1.6521   2.707247     2.3846     4.2328      98.68    197.563    34.2008     7.4330    27.5272     40.583    1440.98    1440.60 0.0000e+00
       4793     42.000    -1.6650   2.707310     2.3827     3.9511      98.68    199.680    34.2159     7.4266    27.5399     41.572    1440.96    1440.61 0.0000e+00
       4843     43.000    -1.6775   2.707451     2.3796     3.9121      98.68    201.743    34.2317     7.4069    27.5530     42.562    1440.93    1440.62 0.0000e+00
       4892     44.000    -1.6808   2.707642     2.3752     3.9815      98.68    203.806    34.2375     7.3826    27.5579     43.552    1440.94    1440.63 0.0000e+00
       4943     45.000    -1.6824   2.708079     2.3703     4.0243      98.68    205.898    34.2448     7.3693    27.5638     44.541    1440.96    1440.63 0.0000e+00
       4995     46.000    -1.6881   2.708231     2.3668     4.0945      98.68    208.073    34.2528     7.3662    27.5705     45.531    1440.96    1440.64 0.0000e+00
       5049     47.000    -1.6932   2.708280     2.3641     4.1475      98.68    210.315    34.2588     7.3655    27.5755     46.521    1440.96    1440.65 0.0000e+00
       5091     48.000    -1.7059   2.708181     2.3629     4.1012      98.68    212.082    34.2715     7.3645    27.5862     47.511    1440.93    1440.65 0.0000e+00
       5125     49.000    -1.7158   2.708128     2.3616     4.0516      98.68    213.501    34.2814     7.3623    27.5945     48.500    1440.92    1440.66 0.0000e+00
       5163     50.000    -1.7225   2.707883     2.3604     4.1126      98.68    215.074    34.2852     7.3573    27.5978     49.490    1440.90    1440.66 0.0000e+00
       5218     51.000    -1.7254   2.707819     2.3578     4.5689      98.68    217.358    34.2870     7.3440    27.5993     50.480    1440.91    1440.67 0.0000e+00
       5306     52.000    -1.7263   2.707866     2.3540     4.6774      98.68    221.033    34.2880     7.3360    27.6001     51.469    1440.92    1440.67 0.0000e+00
       5393     53.000    -1.7265   2.707988     2.3511     4.7765      98.68    224.667    34.2893     7.3251    27.6013     52.459    1440.94    1440.68 0.0000e+00
       5453     54.000    -1.7261   2.708181     2.3490     4.5072      98.68    227.168    34.2909     7.3191    27.6025     53.449    1440.96    1440.68 0.0000e+00
       5480     55.000    -1.7312   2.708016     2.3482     4.2029      98.68    228.286    34.2938     7.3177    27.6051     54.438    1440.96    1440.69 0.0000e+00
       5505     56.000    -1.7353   2.707915     2.3472     4.2381      98.68    229.350    34.2965     7.3084    27.6073     55.428    1440.96    1440.69 0.0000e+00
       5530     57.000    -1.7445   2.707477     2.3458     4.2543      98.68    230.372    34.3005     7.3032    27.6108     56.418    1440.93    1440.70 0.0000e+00
       5555     58.000    -1.7490   2.707311     2.3438     4.3140      98.68    231.418    34.3027     7.2859    27.6127     57.407    1440.93    1440.70 0.0000e+00
       5589     59.000    -1.7557   2.706971     2.3402     4.6161      98.68    232.828    34.3050     7.2641    27.6148     58.397    1440.92    1440.71 0.0000e+00
       5633     60.000    -1.7562   2.706994     2.3343     4.7506      98.68    234.665    34.3052     7.2310    27.6150     59.386    1440.93    1440.71 0.0000e+00
       5681     61.000    -1.7563   2.707062     2.3274     4.5987      98.68    236.656    34.3058     7.2115    27.6155     60.376    1440.95    1440.71 0.0000e+00
       5726     62.000    -1.7584   2.707068     2.3222     4.3683      98.68    238.556    34.3076     7.2034    27.6170     61.366    1440.96    1440.72 0.0000e+00
       5774     63.000    -1.7661   2.706510     2.3173     4.2098      98.68    240.532    34.3080     7.1773    27.6175     62.355    1440.94    1440.72 0.0000e+00
       5825     64.000    -1.7691   2.706340     2.3110     4.5026      98.68    242.673    34.3085     7.1616    27.6180     63.345    1440.94    1440.72 0.0000e+00
       5875     65.000    -1.7691   2.706422     2.3082     4.6135      98.68    244.768    34.3091     7.1797    27.6185     64.335    1440.96    1440.73 0.0000e+00
       5927     66.000    -1.7697   2.706438     2.3074     4.4324      98.68    246.924    34.3093     7.1735    27.6187     65.324    1440.97    1440.73 0.0000e+00
       5981     67.000    -1.7773   2.705893     2.3044     4.5270      98.68    249.152    34.3098     7.1460    27.6193     66.314    1440.95    1440.74 0.0000e+00
       6034     68.000    -1.7834   2.705467     2.3004     4.8044      98.68    251.356    34.3104     7.1495    27.6199     67.303    1440.94    1440.74 0.0000e+00
       6086     69.000    -1.7857   2.705375     2.3010     4.8108      98.68    253.547    34.3110     7.1797    27.6205     68.293    1440.94    1440.74 0.0000e+00
       6139     70.000    -1.7874   2.705308     2.3040     4.7085      98.68    255.750    34.3114     7.1984    27.6209     69.283    1440.95    1440.74 0.0000e+00
       6191     71.000    -1.7892   2.705237     2.3057     4.5560      98.68    257.934    34.3119     7.1874    27.6214     70.272    1440.96    1440.75 0.0000e+00
       6244     72.000    -1.7912   2.705156     2.3053     4.4418      98.68    260.126    34.3125     7.1806    27.6219     71.262    1440.97    1440.75 0.0000e+00
       6297     73.000    -1.7945   2.704993     2.3041     4.2049      98.68    262.339    34.3133     7.1734    27.6226     72.251    1440.97    1440.75 0.0000e+00
       6350     74.000    -1.7995   2.704699     2.3025     4.0029      98.68    264.549    34.3144     7.1661    27.6236     73.241    1440.96    1440.76 0.0000e+00
       6404     75.000    -1.8014   2.704634     2.3001     3.6462      98.68    266.776    34.3150     7.1509    27.6242     74.230    1440.97    1440.76 0.0000e+00
       6457     76.000    -1.8010   2.704734     2.2963     3.4872      98.68    269.005    34.3153     7.1301    27.6244     75.220    1440.99    1440.76 0.0000e+00
       6510     77.000    -1.8014   2.704784     2.2932     3.4219      98.68    271.219    34.3159     7.1282    27.6249     76.210    1441.01    1440.76 0.0000e+00
       6564     78.000    -1.8025   2.704814     2.2911     3.2976      98.68    273.467    34.3170     7.1270    27.6258     77.199    1441.02    1440.77 0.0000e+00
       6618     79.000    -1.8034   2.704813     2.2905     3.1048      98.68    275.706    34.3173     7.1358    27.6261     78.189    1441.03    1440.77 0.0000e+00
       6671     80.000    -1.8043   2.704843     2.2907     3.1389      98.68    277.921    34.3181     7.1377    27.6268     79.178    1441.04    1440.77 0.0000e+00
       6723     81.000    -1.8039   2.704992     2.2903     3.1527      98.68    280.103    34.3191     7.1293    27.6276     80.168    1441.06    1440.78 0.0000e+00
       6771     82.000    -1.8023   2.705242     2.2880     3.2482      98.68    282.097    34.3201     7.1064    27.6283     81.157    1441.09    1440.78 0.0000e+00
       6817     83.000    -1.7996   2.705617     2.2854     3.6083      98.68    284.017    34.3215     7.0999    27.6294     82.147    1441.12    1440.79 0.0000e+00
       6864     84.000    -1.8004   2.705651     2.2830     3.7202      98.68    285.965    34.3223     7.0899    27.6301     83.136    1441.13    1440.79 0.0000e+00
       6912     85.000    -1.8011   2.705710     2.2802     3.4434      98.68    287.965    34.3233     7.0796    27.6309     84.126    1441.15    1440.79 0.0000e+00
       6960     86.000    -1.8024   2.705698     2.2775     3.1901      98.68    289.953    34.3240     7.0694    27.6315     85.115    1441.16    1440.80 0.0000e+00
       7007     87.000    -1.8030   2.705713     2.2748     2.8150      98.68    291.932    34.3243     7.0580    27.6318     86.105    1441.17    1440.80 0.0000e+00
       7056     88.000    -1.8036   2.705723     2.2716     2.6775      98.68    293.943    34.3245     7.0457    27.6320     87.094    1441.19    1440.81 0.0000e+00
       7103     89.000    -1.8040   2.705755     2.2688     2.6408      98.68    295.918    34.3247     7.0366    27.6321     88.084    1441.20    1440.81 0.0000e+00
       7150     90.000    -1.8041   2.705798     2.2665     2.5605      98.68    297.860    34.3248     7.0353    27.6323     89.073    1441.22    1440.81 0.0000e+00
       7197     91.000    -1.8052   2.705811     2.2648     2.5774      98.68    299.816    34.3256     7.0318    27.6330     90.063    1441.23    1440.82 0.0000e+00
       7243     92.000    -1.8055   2.705907     2.2636     2.3812      98.68    301.766    34.3267     7.0365    27.6338     91.052    1441.24    1440.82 0.0000e+00
       7290     93.000    -1.8060   2.705944     2.2631     2.5402      98.68    303.721    34.3272     7.0284    27.6342     92.042    1441.26    1440.83 0.0000e+00
       7338     94.000    -1.8062   2.706046     2.2614     2.3050      98.68    305.691    34.3282     7.0211    27.6350     93.031    1441.28    1440.83 0.0000e+00
       7385     95.000    -1.8062   2.706134     2.2602     2.3701      98.68    307.684    34.3287     7.0218    27.6354     94.021    1441.29    1440.84 0.0000e+00
       7433     96.000    -1.8063   2.706190     2.2596     2.3281      98.68    309.685    34.3290     7.0250    27.6357     95.010    1441.31    1440.84 0.0000e+00
       7481     97.000    -1.8058   2.706323     2.2593     2.3079      98.68    311.669    34.3296     7.0257    27.6362     96.000    1441.33    1440.85 0.0000e+00
