tests/functional_tests/test_data/sbe_files/sbe911plus/dml_2020/sta015_01.cnv
* Sea-Bird SBE 9 Data File:
* FileName = C:\DML_2020\hex_data\sta015_01.hex
* Software Version Seasave V 7.21b
* Temperature SN = 5299
* Conductivity SN = 3742
* Number of Bytes Per Scan = 45
* Number of Voltage Words = 4
* Number of Scans Averaged by the Deck Unit = 1
* NMEA Latitude = 69 15.02 S
* NMEA Longitude = 006 09.27 E
* NMEA UTC (Time) = Jan 05 2021  21:09:42
* NMEA baud rate = 4800
** Cruise: DML 2020
** Ship: Malik Arctica
** Station (File Number):  015
** Latitude:
** Longitude:
** Echodepth (m):
** Seastate:
# nquan = 15
# nvalues = 1768                        
# units = specified
# name 0 = scan: Scan Count
# name 1 = prDM: Pressure, Digiquartz [db]
# name 2 = t090C: Temperature [ITS-90, deg C]
# name 3 = c0S/m: Conductivity [S/m]
# name 4 = sbeox0V: Oxygen raw, SBE 43 [V]
# name 5 = flECO-AFL: Fluorescence, WET Labs ECO-AFL/FL [mg/m^3]
# name 6 = altM: Altimeter [m]
# name 7 = timeS: Time, Elapsed [seconds]
# name 8 = sal00: Salinity, Practical [PSU]
# name 9 = sbeox0ML/L: Oxygen, SBE 43 [ml/l], WS = 2
# name 10 = sigma-é00: Density [sigma-theta, kg/m^3]
# name 11 = depSM: Depth [salt water, m], lat = -69.2503
# name 12 = svCM: Sound Velocity [Chen-Millero, m/s]
# name 13 = avgsvCM: Average Sound Velocity [Chen-Millero, m/s], minP = 20, minS = 20
# name 14 = flag: flag
# span 0 =       2662,      55038       
# span 1 =      2.000,   1776.000       
# span 2 =    -1.8063,     0.8615       
# span 3 =   2.681405,   2.974803       
# span 4 =     1.5588,     2.3984       
# span 5 =     1.0142,     4.8108       
# span 6 =       8.90,      99.58       
# span 7 =    110.892,   2293.220       
# span 8 =    33.9089,    34.6870       
# span 9 =     4.6282,     7.4944       
# span 10 =    27.2910,    27.8437      
# span 11 =      1.980,   1750.654      
# span 12 =    1439.81,    1479.02      
# span 13 =       0.00,    1464.45      
# span 14 = 0.0000e+00, 0.0000e+00      
# interval = decibars: 1                
# start_time = Jan 05 2021 21:09:43 [NMEA time, first data scan]
# bad_flag = -9.990e-29
*END*
[from data line 1639]
      46321   1641.000     0.1715   2.965467     1.5723     1.0732      98.71   1929.981    34.6701     4.8779    27.8353   1618.093    1476.57    1462.98 0.0000e+00
      46351   1642.000     0.1680   2.965201     1.5721     1.0472      98.68   1931.249    34.6700     4.8835    27.8353   1619.075    1476.57    1462.99 0.0000e+00
      46378   1643.000     0.1673   2.965172     1.5717     1.0525      98.68   1932.369    34.6699     4.8720    27.8353   1620.058    1476.58    1463.00 0.0000e+00
      46403   1644.000     0.1670   2.965193     1.5716     1.0758      98.68   1933.414    34.6699     4.8854    27.8354   1621.040    1476.60    1463.01 0.0000e+00
      46428   1645.000     0.1668   2.965211     1.5716     1.0477      98.68   1934.463    34.6698     4.8812    27.8353   1622.022    1476.61    1463.01 0.0000e+00
      46452   1646.000     0.1655   2.965142     1.5715     1.0478      98.68   1935.473    34.6698     4.8814    27.8354   1623.004    1476.62    1463.02 0.0000e+00
      46477   1647.000     0.1645   2.965102     1.5714     1.0466      98.08   1936.489    34.6699     4.8847    27.8355   1623.987    1476.64    1463.03 0.0000e+00
      46502   1648.000     0.1637   2.965066     1.5716     1.0478      49.80   1937.543    34.6698     4.8883    27.8355   1624.969    1476.65    1463.04 0.0000e+00
      46528   1649.000     0.1637   2.965111     1.5717     1.0738      99.04   1938.613    34.6699     4.8838    27.8355   1625.951    1476.66    1463.05 0.0000e+00
      46553   1650.000     0.1634   2.965123     1.5713     1.0500      48.17   1939.673    34.6698     4.8845    27.8355   1626.933    1476.68    1463.06 0.0000e+00
      46578   1651.000     0.1631   2.965137     1.5716     1.0477      99.08   1940.720    34.6698     4.8947    27.8355   1627.915    1476.69    1463.07 0.0000e+00
      46603   1652.000     0.1628   2.965156     1.5719     1.0477      50.07   1941.766    34.6698     4.8921    27.8355   1628.897    1476.71    1463.07 0.0000e+00
      46629   1653.000     0.1623   2.965143     1.5718     1.0721      97.94   1942.822    34.6697     4.8870    27.8355   1629.880    1476.72    1463.08 0.0000e+00
      46654   1654.000     0.1622   2.965183     1.5717     1.0535      47.60   1943.883    34.6697     4.8893    27.8355   1630.862    1476.74    1463.09 0.0000e+00
      46680   1655.000     0.1626   2.965259     1.5715     1.0466      98.66   1944.942    34.6698     4.8862    27.8355   1631.844    1476.76    1463.09 0.0000e+00
      46705   1656.000     0.1623   2.965285     1.5715     1.0466      51.40   1945.992    34.6698     4.8863    27.8356   1632.826    1476.77    1463.10 0.0000e+00
      46730   1657.000     0.1620   2.965288     1.5712     1.0478      96.28   1947.036    34.6697     4.8884    27.8355   1633.808    1476.79    1463.11 0.0000e+00
      46755   1658.000     0.1625   2.965377     1.5712     1.0478      98.65   1948.071    34.6697     4.8884    27.8355   1634.790    1476.81    1463.12 0.0000e+00
      46780   1659.000     0.1627   2.965429     1.5712     1.0492      98.68   1949.108    34.6697     4.8918    27.8355   1635.773    1476.83    1463.13 0.0000e+00
      46805   1660.000     0.1625   2.965454     1.5710     1.0475      98.68   1950.147    34.6697     4.8894    27.8355   1636.755    1476.84    1463.14 0.0000e+00
      46830   1661.000     0.1616   2.965418     1.5712     1.0478      98.68   1951.190    34.6698     4.8892    27.8356   1637.737    1476.86    1463.15 0.0000e+00
      46854   1662.000     0.1615   2.965451     1.5706     1.0466      98.68   1952.228    34.6697     4.8848    27.8355   1638.719    1476.87    1463.15 0.0000e+00
      46880   1663.000     0.1616   2.965504     1.5709     1.0466      97.68   1953.273    34.6697     4.8930    27.8355   1639.701    1476.89    1463.16 0.0000e+00
      46905   1664.000     0.1612   2.965498     1.5706     1.0374      89.93   1954.315    34.6696     4.8883    27.8355   1640.683    1476.90    1463.17 0.0000e+00
      46930   1665.000     0.1610   2.965540     1.5706     1.0325      43.64   1955.368    34.6697     4.8891    27.8356   1641.665    1476.92    1463.18 0.0000e+00
      46955   1666.000     0.1611   2.965580     1.5702     1.0467      98.93   1956.421    34.6697     4.8866    27.8356   1642.647    1476.94    1463.19 0.0000e+00
      46980   1667.000     0.1608   2.965601     1.5702     1.0466      98.68   1957.478    34.6698     4.8933    27.8356   1643.630    1476.95    1463.20 0.0000e+00
      47006   1668.000     0.1606   2.965621     1.5703     1.0466      98.30   1958.529    34.6697     4.8906    27.8356   1644.612    1476.97    1463.20 0.0000e+00
      47031   1669.000     0.1605   2.965657     1.5701     1.0431      48.93   1959.583    34.6697     4.8917    27.8356   1645.594    1476.99    1463.21 0.0000e+00
      47056   1670.000     0.1604   2.965670     1.5702     1.0278      98.88   1960.629    34.6695     4.8928    27.8355   1646.576    1477.00    1463.22 0.0000e+00
      47081   1671.000     0.1598   2.965666     1.5700     1.0467      98.68   1961.670    34.6696     4.8900    27.8355   1647.558    1477.02    1463.23 0.0000e+00
      47106   1672.000     0.1590   2.965637     1.5698     1.0478      98.68   1962.708    34.6696     4.8906    27.8356   1648.540    1477.03    1463.23 0.0000e+00
      47131   1673.000     0.1587   2.965650     1.5698     1.0478      98.68   1963.745    34.6695     4.8934    27.8356   1649.522    1477.04    1463.24 0.0000e+00
      47156   1674.000     0.1581   2.965656     1.5696     1.0466      98.68   1964.777    34.6697     4.8927    27.8357   1650.504    1477.06    1463.25 0.0000e+00
      47180   1675.000     0.1574   2.965634     1.5697     1.0466      73.44   1965.812    34.6697     4.8946    27.8358   1651.486    1477.07    1463.26 0.0000e+00
      47206   1676.000     0.1573   2.965649     1.5696     1.0722      87.86   1966.854    34.6695     4.8907    27.8356   1652.468    1477.09    1463.27 0.0000e+00
      47230   1677.000     0.1571   2.965686     1.5693     1.0390      85.96   1967.896    34.6695     4.8958    27.8357   1653.450    1477.10    1463.28 0.0000e+00
      47256   1678.000     0.1565   2.965673     1.5695     1.0416      63.38   1968.945    34.6695     4.8907    27.8357   1654.432    1477.12    1463.29 0.0000e+00
      47281   1679.000     0.1562   2.965690     1.5688     1.0687      98.49   1969.994    34.6695     4.8873    27.8357   1655.415    1477.13    1463.29 0.0000e+00
      47306   1680.000     0.1558   2.965682     1.5688     1.0558      98.68   1971.048    34.6694     4.8940    27.8357   1656.397    1477.15    1463.30 0.0000e+00
      47331   1681.000     0.1556   2.965708     1.5688     1.0467      98.68   1972.102    34.6694     4.8904    27.8356   1657.379    1477.16    1463.31 0.0000e+00
      47357   1682.000     0.1556   2.965754     1.5687     1.0652      98.68   1973.161    34.6694     4.8981    27.8357   1658.361    1477.18    1463.31 0.0000e+00
      47382   1683.000     0.1555   2.965784     1.5686     1.0583      98.68   1974.215    34.6694     4.8873    27.8357   1659.343    1477.20    1463.32 0.0000e+00
      47407   1684.000     0.1538   2.965672     1.5681     1.0464      66.71   1975.266    34.6694     4.8908    27.8358   1660.325    1477.20    1463.33 0.0000e+00
      47432   1685.000     0.1521   2.965558     1.5683     1.0466      99.19   1976.309    34.6692     4.8999    27.8357   1661.307    1477.21    1463.34 0.0000e+00
      47457   1686.000     0.1511   2.965516     1.5683     1.0466      98.68   1977.348    34.6692     4.8947    27.8358   1662.289    1477.23    1463.35 0.0000e+00
      47482   1687.000     0.1505   2.965509     1.5683     1.0478      98.68   1978.382    34.6692     4.8980    27.8359   1663.271    1477.24    1463.36 0.0000e+00
      47507   1688.000     0.1499   2.965485     1.5682     1.0466      98.68   1979.416    34.6691     4.8905    27.8358   1664.253    1477.25    1463.37 0.0000e+00
      47532   1689.000     0.1497   2.965513     1.5678     1.0559      98.68   1980.451    34.6692     4.8925    27.8358   1665.235    1477.27    1463.37 0.0000e+00
      47557   1690.000     0.1486   2.965459     1.5677     1.0676      98.68   1981.493    34.6691     4.8977    27.8358   1666.217    1477.28    1463.38 0.0000e+00
      47582   1691.000     0.1474   2.965395     1.5678     1.0468      98.68   1982.534    34.6691     4.8976    27.8359   1667.199    1477.29    1463.39 0.0000e+00
      47607   1692.000     0.1463   2.965342     1.5678     1.0466      98.68   1983.579    34.6690     4.9022    27.8359   1668.181    1477.30    1463.40 0.0000e+00
      47632   1693.000     0.1443   2.965199     1.5680     1.0466      98.68   1984.625    34.6689     4.9022    27.8359   1669.163    1477.31    1463.41 0.0000e+00
      47657   1694.000     0.1437   2.965187     1.5679     1.0466      98.68   1985.674    34.6689     4.8959    27.8360   1670.145    1477.33    1463.42 0.0000e+00
      47682   1695.000     0.1436   2.965214     1.5676     1.0478      98.68   1986.724    34.6688     4.8993    27.8359   1671.127    1477.34    1463.42 0.0000e+00
      47708   1696.000     0.1432   2.965224     1.5678     1.0477      98.43   1987.772    34.6688     4.9041    27.8359   1672.109    1477.36    1463.43 0.0000e+00
      47733   1697.000     0.1426   2.965215     1.5677     1.0482      85.29   1988.815    34.6689     4.9012    27.8360   1673.091    1477.37    1463.44 0.0000e+00
      47758   1698.000     0.1413   2.965145     1.5677     1.0761      35.40   1989.857    34.6688     4.9049    27.8360   1674.073    1477.38    1463.45 0.0000e+00
      47782   1699.000     0.1412   2.965172     1.5677     1.0491      98.59   1990.894    34.6688     4.9029    27.8360   1675.055    1477.40    1463.45 0.0000e+00
      47807   1700.000     0.1410   2.965202     1.5677     1.0466      98.68   1991.933    34.6689     4.9042    27.8361   1676.037    1477.41    1463.46 0.0000e+00
      47832   1701.000     0.1411   2.965242     1.5676     1.0466      98.68   1992.975    34.6688     4.9026    27.8360   1677.019    1477.43    1463.47 0.0000e+00
      47857   1702.000     0.1410   2.965292     1.5675     1.0466      98.68   1994.013    34.6689     4.9003    27.8362   1678.000    1477.45    1463.48 0.0000e+00
      47882   1703.000     0.1405   2.965275     1.5673     1.0466      98.46   1995.056    34.6687     4.9045    27.8360   1678.982    1477.46    1463.49 0.0000e+00
      47907   1704.000     0.1404   2.965314     1.5674     1.0466      59.05   1996.104    34.6688     4.9028    27.8361   1679.964    1477.48    1463.50 0.0000e+00
      47933   1705.000     0.1399   2.965308     1.5669     1.0478      90.85   1997.157    34.6687     4.9001    27.8361   1680.946    1477.49    1463.50 0.0000e+00
      47958   1706.000     0.1393   2.965293     1.5671     1.0466      98.70   1998.211    34.6687     4.9090    27.8361   1681.928    1477.51    1463.51 0.0000e+00
      47983   1707.000     0.1384   2.965252     1.5670     1.0644      98.68   1999.264    34.6687     4.9003    27.8361   1682.910    1477.52    1463.52 0.0000e+00
      48008   1708.000     0.1385   2.965313     1.5669     1.0601      98.68   2000.311    34.6688     4.9077    27.8362   1683.892    1477.54    1463.53 0.0000e+00
      48034   1709.000     0.1377   2.965281     1.5671     1.0468      98.68   2001.357    34.6687     4.9096    27.8362   1684.874    1477.55    1463.54 0.0000e+00
      48059   1710.000     0.1369   2.965243     1.5668     1.0477      98.68   2002.397    34.6686     4.9025    27.8362   1685.856    1477.56    1463.54 0.0000e+00
      48083   1711.000     0.1359   2.965197     1.5668     1.0466      98.67   2003.435    34.6686     4.9076    27.8362   1686.838    1477.57    1463.55 0.0000e+00
      48108   1712.000     0.1351   2.965176     1.5668     1.0466      97.98   2004.471    34.6686     4.9094    27.8362   1687.820    1477.59    1463.56 0.0000e+00
      48133   1713.000     0.1353   2.965228     1.5667     1.0478      47.21   2005.505    34.6685     4.9017    27.8362   1688.802    1477.61    1463.57 0.0000e+00
      48158   1714.000     0.1355   2.965290     1.5662     1.0478      98.52   2006.538    34.6686     4.9046    27.8363   1689.783    1477.62    1463.58 0.0000e+00
      48183   1715.000     0.1355   2.965325     1.5664     1.0466      98.68   2007.576    34.6686     4.9099    27.8362   1690.765    1477.64    1463.58 0.0000e+00
      48208   1716.000     0.1352   2.965350     1.5662     1.0478      98.68   2008.613    34.6687     4.9043    27.8363   1691.747    1477.66    1463.59 0.0000e+00
      48233   1717.000     0.1353   2.965396     1.5662     1.0478      98.68   2009.655    34.6686     4.9143    27.8362   1692.729    1477.67    1463.60 0.0000e+00
      48258   1718.000     0.1353   2.965441     1.5665     1.0489      98.68   2010.700    34.6686     4.9110    27.8363   1693.711    1477.69    1463.61 0.0000e+00
      48283   1719.000     0.1355   2.965490     1.5662     1.0745      59.45   2011.746    34.6686     4.9064    27.8362   1694.693    1477.71    1463.62 0.0000e+00
      48308   1720.000     0.1353   2.965516     1.5662     1.0467      93.01   2012.792    34.6685     4.9077    27.8362   1695.675    1477.72    1463.63 0.0000e+00
      48333   1721.000     0.1353   2.965557     1.5656     1.0466      98.71   2013.839    34.6686     4.9022    27.8362   1696.657    1477.74    1463.63 0.0000e+00
      48358   1722.000     0.1353   2.965601     1.5656     1.0466      98.68   2014.880    34.6686     4.9092    27.8363   1697.639    1477.76    1463.64 0.0000e+00
      48383   1723.000     0.1353   2.965643     1.5655     1.0466      98.68   2015.917    34.6686     4.9061    27.8363   1698.620    1477.77    1463.65 0.0000e+00
      48408   1724.000     0.1354   2.965687     1.5654     1.0466      98.68   2016.969    34.6686     4.9083    27.8362   1699.602    1477.79    1463.66 0.0000e+00
      48434   1725.000     0.1348   2.965678     1.5653     1.0721      98.68   2018.028    34.6685     4.9103    27.8362   1700.584    1477.80    1463.66 0.0000e+00
      48459   1726.000     0.1352   2.965753     1.5651     1.0536      97.18   2019.091    34.6686     4.9027    27.8363   1701.566    1477.82    1463.67 0.0000e+00
      48485   1727.000     0.1350   2.965777     1.5647     1.0700      86.53   2020.164    34.6686     4.9052    27.8363   1702.548    1477.84    1463.68 0.0000e+00
      48511   1728.000     0.1350   2.965815     1.5648     1.0555      42.36   2021.238    34.6685     4.9134    27.8362   1703.530    1477.86    1463.69 0.0000e+00
      48536   1729.000     0.1349   2.965859     1.5651     1.0466      98.43   2022.308    34.6686     4.9116    27.8363   1704.511    1477.87    1463.70 0.0000e+00
      48562   1730.000     0.1348   2.965887     1.5648     1.0466      98.68   2023.379    34.6686     4.9096    27.8363   1705.493    1477.89    1463.71 0.0000e+00
      48588   1731.000     0.1343   2.965888     1.5647     1.0466      98.68   2024.450    34.6686     4.9080    27.8363   1706.475    1477.90    1463.71 0.0000e+00
      48613   1732.000     0.1339   2.965890     1.5646     1.0466      98.66   2025.520    34.6685     4.9116    27.8363   1707.457    1477.92    1463.72 0.0000e+00
      48639   1733.000     0.1336   2.965899     1.5646     1.0478      85.96   2026.584    34.6685     4.9129    27.8363   1708.439    1477.93    1463.73 0.0000e+00
      48664   1734.000     0.1334   2.965929     1.5647     1.0477      37.19   2027.644    34.6685     4.9124    27.8363   1709.420    1477.95    1463.74 0.0000e+00
      48690   1735.000     0.1336   2.965979     1.5644     1.0478      97.96   2028.696    34.6685     4.9039    27.8363   1710.402    1477.97    1463.75 0.0000e+00
