tests/test_data/sbe_files/sbe37/cnv/test_sbe37.cnv
* Sea-Bird SBE37SM-RS232  Data File:
* FileName = C:\KJFPROG\Sea-Bird2\SEATERM\Microcatdata\2013\9304_2015_09_15.hex
* Software version SeatermV2 2.2.2
* Temperature SN = 9304
* Conductivity SN = 9304
* System UpLoad Time = Sep 15 2015 19:28:29
* sample interval = 900 seconds
* <ApplicationData>
# nquan = 9
# nvalues = 69685                                 
# units = specified
# name 0 = prdM: Pressure, Strain Gauge [db]
# name 1 = depSM: Depth [salt water, m], lat = 81.30
# name 2 = tv290C: Temperature [ITS-90, deg C]
# name 3 = potemp090C: Potential Temperature [ITS-90, deg C]
# name 4 = cond0mS/cm: Conductivity [mS/cm]
# name 5 = sal00: Salinity, Practical [PSU]
# name 6 = sigma-é00: Density [sigma-theta, Kg/m^3]
# name 7 = timeJV2: Time, Instrument [julian days]
# name 8 = flag:  0.000e+00
# span 0 =      0.077,    782.483                 
# span 1 =      0.076,    772.716                 
# span 2 =    -0.2738,    17.8948                 
# span 3 =    -0.3048,    17.8948                 
# span 4 =   0.000711,  31.670756                 
# span 5 =    -0.0004,    35.0443                 
# span 6 =    -1.3768,    28.0595                 
# span 7 = 262.916678, 988.791678                 
# span 8 = 0.0000e+00, 0.0000e+00                 
# interval = seconds: 900
# start_time = Sep 19 2013 22:00:01 [Instrument's time stamp, first data scan]
# bad_flag = -9.990e-29
*END*
[from data line 1281]
    771.209    761.603     0.7264     0.6888  29.983171    34.9594    28.0332 276.260428  0.000e+00
    771.234    761.628     0.7159     0.6785  29.959799    34.9409    28.0190 276.270845  0.000e+00
    771.384    761.775     0.7246     0.6871  29.979816    34.9570    28.0314 276.281262  0.000e+00
    771.629    762.017     0.6962     0.6589  29.953671    34.9548    28.0314 276.291678  0.000e+00
    771.769    762.155     0.6902     0.6529  29.945806    34.9512    28.0289 276.302095  0.000e+00
    771.983    762.365     0.7459     0.7082  29.997117    34.9551    28.0286 276.312512  0.000e+00
    772.017    762.399     0.8193     0.7812  30.064155    34.9595    28.0274 276.322928  0.000e+00
    771.984    762.367     0.8398     0.8015  30.080257    34.9574    28.0244 276.333345  0.000e+00
    772.056    762.438     0.8001     0.7621  30.043829    34.9547    28.0248 276.343762  0.000e+00
    772.107    762.488     0.8068     0.7687  30.050372    34.9557    28.0252 276.354178  0.000e+00
    772.249    762.628     0.8384     0.8002  30.078983    34.9571    28.0243 276.364595  0.000e+00
    772.250    762.629     0.8146     0.7765  30.058422    34.9572    28.0259 276.375012  0.000e+00
    772.165    762.545     0.7651     0.7273  30.013090    34.9541    28.0265 276.385428  0.000e+00
    772.146    762.526     0.7449     0.7072  29.996655    34.9556    28.0290 276.395845  0.000e+00
    772.229    762.608     0.7565     0.7187  30.004814    34.9531    28.0263 276.406262  0.000e+00
    772.256    762.635     0.8305     0.7923  30.069715    34.9540    28.0223 276.416678  0.000e+00
    772.100    762.481     0.7000     0.6626  29.953672    34.9503    28.0275 276.427095  0.000e+00
    772.048    762.430     0.7392     0.7016  29.988843    34.9519    28.0263 276.437512  0.000e+00
    771.937    762.321     0.6582     0.6211  29.917129    34.9499    28.0298 276.447928  0.000e+00
    771.880    762.265     0.7542     0.7164  30.003020    34.9536    28.0268 276.458345  0.000e+00
    771.784    762.169     0.7757     0.7378  30.021308    34.9532    28.0251 276.468762  0.000e+00
    771.731    762.117     0.7088     0.6713  29.962231    34.9518    28.0282 276.479178  0.000e+00
    771.757    762.143     0.6902     0.6528  29.944534    34.9497    28.0277 276.489595  0.000e+00
    771.562    761.951     0.6550     0.6179  29.914006    34.9497    28.0299 276.500012  0.000e+00
    771.491    761.881     0.6563     0.6192  29.915509    34.9502    28.0301 276.510428  0.000e+00
    771.362    761.754     0.6336     0.5966  29.895915    34.9504    28.0317 276.520845  0.000e+00
    771.232    761.626     0.6089     0.5721  29.874015    34.9497    28.0327 276.531262  0.000e+00
    771.082    761.478     0.5126     0.4764  29.787745    34.9459    28.0355 276.541678  0.000e+00
    771.036    761.432     0.4516     0.4159  29.732245    34.9422    28.0361 276.552095  0.000e+00
    770.938    761.336     0.4046     0.3691  29.690733    34.9411    28.0379 276.562512  0.000e+00
    770.802    761.202     0.3758     0.3405  29.665490    34.9407    28.0393 276.572928  0.000e+00
    770.826    761.225     0.2997     0.2650  29.597180    34.9370    28.0407 276.583345  0.000e+00
    770.658    761.060     0.2833     0.2487  29.581982    34.9357    28.0406 276.593762  0.000e+00
    770.439    760.844     0.3029     0.2681  29.599482    34.9367    28.0403 276.604178  0.000e+00
    770.386    760.792     0.2541     0.2197  29.556601    34.9356    28.0422 276.614595  0.000e+00
    770.315    760.722     0.2339     0.1996  29.537787    34.9338    28.0418 276.625012  0.000e+00
    770.160    760.569     0.2369     0.2025  29.541353    34.9352    28.0428 276.635428  0.000e+00
    770.057    760.467     0.2342     0.1999  29.537556    34.9333    28.0414 276.645845  0.000e+00
    769.985    760.396     0.2209     0.1866  29.525994    34.9332    28.0421 276.656262  0.000e+00
    769.927    760.339     0.2581     0.2236  29.559419    34.9351    28.0416 276.666678  0.000e+00
    769.898    760.310     0.3023     0.2675  29.597983    34.9357    28.0396 276.677095  0.000e+00
    769.858    760.271     0.2663     0.2318  29.565807    34.9342    28.0404 276.687512  0.000e+00
    769.801    760.215     0.3442     0.3092  29.636048    34.9383    28.0392 276.697928  0.000e+00
    769.795    760.209     0.3358     0.3008  29.628848    34.9384    28.0398 276.708345  0.000e+00
    769.782    760.196     0.3860     0.3507  29.672805    34.9393    28.0376 276.718762  0.000e+00
    769.737    760.151     0.3392     0.3042  29.632131    34.9389    28.0400 276.729178  0.000e+00
    769.743    760.158     0.3209     0.2861  29.616063    34.9384    28.0407 276.739595  0.000e+00
    769.866    760.279     0.3604     0.3253  29.650103    34.9384    28.0383 276.750012  0.000e+00
    769.957    760.369     0.3786     0.3434  29.666006    34.9386    28.0374 276.760428  0.000e+00
    770.061    760.471     0.4437     0.4080  29.724919    34.9421    28.0365 276.770845  0.000e+00
    770.093    760.503     0.4332     0.3976  29.715404    34.9415    28.0366 276.781262  0.000e+00
    770.022    760.433     0.4473     0.4116  29.729417    34.9440    28.0378 276.791678  0.000e+00
    770.069    760.479     0.4752     0.4393  29.753526    34.9440    28.0362 276.802095  0.000e+00
    770.134    760.543     0.5126     0.4765  29.784683    34.9424    28.0326 276.812512  0.000e+00
    770.224    760.632     0.5365     0.5002  29.805924    34.9432    28.0318 276.822928  0.000e+00
    770.354    760.760     0.5535     0.5171  29.822320    34.9453    28.0325 276.833345  0.000e+00
    770.464    760.868     0.5807     0.5441  29.848307    34.9485    28.0334 276.843762  0.000e+00
    770.426    760.831     0.6176     0.5808  29.881119    34.9497    28.0321 276.854178  0.000e+00
    770.446    760.851     0.6544     0.6174  29.914235    34.9513    28.0312 276.864595  0.000e+00
    770.627    761.029     0.6431     0.6061  29.903426    34.9499    28.0307 276.875012  0.000e+00
    770.853    761.252     0.6323     0.5954  29.891984    34.9470    28.0291 276.885428  0.000e+00
    770.983    761.380     0.6868     0.6495  29.943549    34.9526    28.0302 276.895845  0.000e+00
    771.172    761.566     0.7678     0.7300  30.017255    34.9571    28.0288 276.906262  0.000e+00
    771.197    761.591     0.7496     0.7119  29.999198    34.9541    28.0275 276.916678  0.000e+00
    771.280    761.673     0.6593     0.6222  29.918919    34.9514    28.0309 276.927095  0.000e+00
    771.370    761.761     0.6886     0.6513  29.946615    34.9544    28.0315 276.937512  0.000e+00
    771.440    761.830     0.6123     0.5755  29.877424    34.9502    28.0329 276.947928  0.000e+00
    771.491    761.880     0.5532     0.5168  29.822958    34.9458    28.0329 276.958345  0.000e+00
    771.484    761.874     0.5548     0.5183  29.823305    34.9445    28.0318 276.968762  0.000e+00
    771.303    761.695     0.5367     0.5004  29.806793    34.9434    28.0320 276.979178  0.000e+00
    771.231    761.624     0.5243     0.4880  29.796056    34.9435    28.0328 276.989595  0.000e+00
    771.125    761.521     0.3966     0.3612  29.681453    34.9378    28.0358 277.000012  0.000e+00
    770.944    761.341     0.3968     0.3614  29.683470    34.9403    28.0378 277.010428  0.000e+00
    770.828    761.227     0.3563     0.3212  29.645555    34.9365    28.0371 277.020845  0.000e+00
    770.820    761.220     0.2831     0.2484  29.580601    34.9341    28.0393 277.031262  0.000e+00
    770.761    761.161     0.2598     0.2252  29.560342    34.9339    28.0405 277.041678  0.000e+00
    770.639    761.041     0.2853     0.2506  29.582442    34.9341    28.0392 277.052095  0.000e+00
    770.542    760.945     0.2230     0.1887  29.527951    34.9331    28.0419 277.062512  0.000e+00
    770.418    760.823     0.2881     0.2534  29.584744    34.9342    28.0391 277.072928  0.000e+00
    770.205    760.614     0.2726     0.2380  29.572081    34.9351    28.0408 277.083345  0.000e+00
    770.025    760.436     0.2772     0.2426  29.575188    34.9342    28.0397 277.093762  0.000e+00
    769.858    760.271     0.2839     0.2493  29.581749    34.9352    28.0402 277.104178  0.000e+00
    769.737    760.151     0.3077     0.2730  29.603855    34.9374    28.0405 277.114595  0.000e+00
    769.601    760.018     0.2662     0.2317  29.566612    34.9355    28.0414 277.125012  0.000e+00
    769.483    759.901     0.2338     0.1995  29.537152    34.9336    28.0417 277.135428  0.000e+00
    769.386    759.806     0.2592     0.2247  29.559706    34.9346    28.0410 277.145845  0.000e+00
    769.309    759.730     0.2710     0.2365  29.570467    34.9353    28.0410 277.156262  0.000e+00
    769.259    759.681     0.3499     0.3149  29.640481    34.9380    28.0386 277.166678  0.000e+00
    769.201    759.624     0.3659     0.3308  29.655056    34.9391    28.0386 277.177095  0.000e+00
    769.130    759.554     0.3425     0.3075  29.634202    34.9383    28.0393 277.187512  0.000e+00
    769.116    759.540     0.2869     0.2522  29.583589    34.9348    28.0396 277.197928  0.000e+00
    769.130    759.554     0.3000     0.2653  29.595333    34.9353    28.0394 277.208345  0.000e+00
    769.110    759.534     0.3285     0.2936  29.620265    34.9358    28.0381 277.218762  0.000e+00
    769.110    759.534     0.3231     0.2882  29.614909    34.9349    28.0377 277.229178  0.000e+00
    769.098    759.522     0.3420     0.3071  29.632013    34.9359    28.0374 277.239595  0.000e+00
    769.113    759.537     0.4374     0.4018  29.717131    34.9397    28.0349 277.250012  0.000e+00
    769.088    759.512     0.4547     0.4190  29.734258    34.9425    28.0362 277.260428  0.000e+00
    769.068    759.492     0.4725     0.4367  29.750754    34.9440    28.0363 277.270845  0.000e+00
    769.101    759.525     0.5104     0.4744  29.785027    34.9459    28.0356 277.281262  0.000e+00
    769.121    759.545     0.5326     0.4964  29.805517    34.9477    28.0357 277.291678  0.000e+00
    769.180    759.603     0.5682     0.5318  29.837503    34.9492    28.0347 277.302095  0.000e+00
    769.271    759.692     0.5931     0.5565  29.859740    34.9500    28.0339 277.312512  0.000e+00
    769.387    759.807     0.5996     0.5629  29.865575    34.9503    28.0337 277.322928  0.000e+00
    769.536    759.954     0.6261     0.5893  29.889842    34.9519    28.0334 277.333345  0.000e+00
    769.627    760.044     0.6331     0.5963  29.896430    34.9526    28.0335 277.343762  0.000e+00
    769.763    760.177     0.6686     0.6315  29.927876    34.9534    28.0320 277.354178  0.000e+00
    769.911    760.323     0.6841     0.6470  29.941869    34.9540    28.0315 277.364595  0.000e+00
    770.041    760.452     0.7256     0.6882  29.979002    34.9555    28.0301 277.375012  0.000e+00
    770.087    760.497     0.7384     0.7009  29.992020    34.9580    28.0313 277.385428  0.000e+00
    770.165    760.574     0.7714     0.7336  30.021478    34.9591    28.0302 277.395845  0.000e+00
    770.307    760.714     0.8230     0.7849  30.068668    34.9622    28.0293 277.406262  0.000e+00
    770.301    760.708     0.7935     0.7556  30.041045    34.9595    28.0291 277.416678  0.000e+00
    770.449    760.854     0.7928     0.7548  30.041046    34.9603    28.0298 277.427095  0.000e+00
    770.533    760.937     0.7465     0.7089  29.998792    34.9574    28.0304 277.437512  0.000e+00
    770.668    761.069     0.7303     0.6928  29.984384    34.9569    28.0310 277.447928  0.000e+00
    770.804    761.204     0.7873     0.7494  30.036415    34.9603    28.0301 277.458345  0.000e+00
    770.952    761.350     0.7346     0.6971  29.988377    34.9571    28.0308 277.468762  0.000e+00
    770.964    761.362     0.7132     0.6758  29.969112    34.9561    28.0314 277.479178  0.000e+00
    771.028    761.424     0.7064     0.6690  29.962576    34.9553    28.0312 277.489595  0.000e+00
    770.937    761.334     0.6572     0.6201  29.918283    34.9531    28.0324 277.500012  0.000e+00
    770.852    761.251     0.6101     0.5733  29.875805    34.9509    28.0336 277.510428  0.000e+00
    770.786    761.185     0.4863     0.4503  29.762759    34.9431    28.0347 277.520845  0.000e+00
    770.738    761.139     0.4580     0.4222  29.738300    34.9431    28.0365 277.531262  0.000e+00
    770.680    761.082     0.3706     0.3354  29.661802    34.9417    28.0404 277.541678  0.000e+00
    770.518    760.922     0.3566     0.3214  29.648147    34.9398    28.0397 277.552095  0.000e+00
    770.407    760.813     0.2969     0.2622  29.593955    34.9362    28.0402 277.562512  0.000e+00
    770.271    760.678     0.2866     0.2520  29.583535    34.9343    28.0393 277.572928  0.000e+00
    770.089    760.499     0.2047     0.1705  29.511673    34.9327    28.0426 277.583345  0.000e+00
    769.928    760.340     0.2424     0.2080  29.544287    34.9330    28.0407 277.593762  0.000e+00
    769.785    760.199     0.1583     0.1245  29.469990    34.9305    28.0434 277.604178  0.000e+00
    769.668    760.084     0.1557     0.1219  29.468207    34.9312    28.0441 277.614595  0.000e+00
    769.590    760.007     0.1438     0.1101  29.457575    34.9307    28.0443 277.625012  0.000e+00
    769.500    759.918     0.1595     0.1257  29.471081    34.9307    28.0435 277.635428  0.000e+00
    769.417    759.837     0.2329     0.1986  29.534275    34.9309    28.0396 277.645845  0.000e+00
    769.302    759.723     0.2854     0.2508  29.580999    34.9329    28.0382 277.656262  0.000e+00
    769.213    759.635     0.2904     0.2558  29.586007    34.9338    28.0387 277.666678  0.000e+00
    769.150    759.573     0.3064     0.2717  29.600457    34.9347    28.0385 277.677095  0.000e+00
    769.084    759.508     0.3251     0.2902  29.616464    34.9347    28.0374 277.687512  0.000e+00
    769.059    759.484     0.3516     0.3165  29.640538    34.9363    28.0372 277.697928  0.000e+00
    769.027    759.452     0.3073     0.2726  29.601435    34.9351    28.0387 277.708345  0.000e+00
    768.994    759.419     0.2888     0.2542  29.584510    34.9338    28.0387 277.718762  0.000e+00
    768.974    759.400     0.2848     0.2502  29.580423    34.9330    28.0384 277.729178  0.000e+00
    768.961    759.387     0.2829     0.2483  29.579156    34.9335    28.0389 277.739595  0.000e+00
    768.916    759.343     0.3395     0.3046  29.629594    34.9356    28.0373 277.750012  0.000e+00
    768.929    759.356     0.3573     0.3223  29.645607    34.9366    28.0371 277.760428  0.000e+00
    768.944    759.370     0.4029     0.3676  29.686807    34.9390    28.0363 277.770845  0.000e+00
    768.996    759.421     0.4102     0.3748  29.694359    34.9406    28.0373 277.781262  0.000e+00
    769.016    759.441     0.3903     0.3550  29.676722    34.9400    28.0379 277.791678  0.000e+00
    769.037    759.462     0.5188     0.4827  29.792876    34.9468    28.0358 277.802095  0.000e+00
    769.077    759.501     0.5693     0.5329  29.837907    34.9485    28.0341 277.812512  0.000e+00
    769.117    759.540     0.6043     0.5677  29.869733    34.9505    28.0336 277.822928  0.000e+00
    769.155    759.579     0.6498     0.6129  29.910647    34.9525    28.0324 277.833345  0.000e+00
    769.254    759.676     0.6814     0.6443  29.939149    34.9539    28.0316 277.843762  0.000e+00
    769.300    759.721     0.7101     0.6728  29.964596    34.9548    28.0305 277.854178  0.000e+00
    769.429    759.848     0.7369     0.6994  29.989241    34.9565    28.0302 277.864595  0.000e+00
    769.520    759.938     0.7705     0.7327  30.019392    34.9578    28.0292 277.875012  0.000e+00
    769.611    760.027     0.7916     0.7537  30.038554    34.9589    28.0287 277.885428  0.000e+00
    769.707    760.123     0.8095     0.7716  30.054535    34.9594    28.0279 277.895845  0.000e+00
    769.837    760.251     0.8436     0.8054  30.085001    34.9605    28.0267 277.906262  0.000e+00
