tests/test_data/sbe_files/sbe37/cnv/test_sbe37.cnv
* Sea-Bird SBE37SM-RS232  Data File:
* FileName = C:\KJFPROG\Sea-Bird2\SEATERM\Microcatdata\2013\9304_2015_09_15.hex
* Software version SeatermV2 2.2.2
* Temperature SN = 9304
* Conductivity SN = 9304
* System UpLoad Time = Sep 15 2015 19:28:29
* sample interval = 900 seconds
* <ApplicationData>
# nquan = 9
# nvalues = 69685                                 
# units = specified
# name 0 = prdM: Pressure, Strain Gauge [db]
# name 1 = depSM: Depth [salt water, m], lat = 81.30
# name 2 = tv290C: Temperature [ITS-90, deg C]
# name 3 = potemp090C: Potential Temperature [ITS-90, deg C]
# name 4 = cond0mS/cm: Conductivity [mS/cm]
# name 5 = sal00: Salinity, Practical [PSU]
# name 6 = sigma-é00: Density [sigma-theta, Kg/m^3]
# name 7 = timeJV2: Time, Instrument [julian days]
# name 8 = flag:  0.000e+00
# span 0 =      0.077,    782.483                 
# span 1 =      0.076,    772.716                 
# span 2 =    -0.2738,    17.8948                 
# span 3 =    -0.3048,    17.8948                 
# span 4 =   0.000711,  31.670756                 
# span 5 =    -0.0004,    35.0443                 
# span 6 =    -1.3768,    28.0595                 
# span 7 = 262.916678, 988.791678                 
# span 8 = 0.0000e+00, 0.0000e+00                 
# interval = seconds: 900
# start_time = Sep 19 2013 22:00:01 [Instrument's time stamp, first data scan]
# bad_flag = -9.990e-29
*END*
[from data line 2081]
    769.848    760.261     1.3880     1.3464  30.572765    34.9785    28.0042 284.593762  0.000e+00
    769.893    760.305     1.3870     1.3454  30.577604    34.9858    28.0101 284.604178  0.000e+00
    770.021    760.432     1.3402     1.2989  30.530461    34.9777    28.0069 284.614595  0.000e+00
    770.207    760.615     1.2600     1.2192  30.458955    34.9756    28.0109 284.625012  0.000e+00
    770.366    760.772     1.2060     1.1655  30.409497    34.9724    28.0121 284.635428  0.000e+00
    770.586    760.989     1.2597     1.2189  30.459713    34.9766    28.0118 284.645845  0.000e+00
    770.735    761.136     1.2790     1.2380  30.475954    34.9758    28.0098 284.656262  0.000e+00
    770.806    761.205     1.2767     1.2358  30.477410    34.9802    28.0134 284.666678  0.000e+00
    770.936    761.334     1.3008     1.2596  30.499652    34.9818    28.0130 284.677095  0.000e+00
    771.013    761.410     1.2862     1.2452  30.486376    34.9810    28.0134 284.687512  0.000e+00
    771.014    761.410     1.2971     1.2559  30.495227    34.9802    28.0120 284.697928  0.000e+00
    770.974    761.371     1.2941     1.2530  30.492141    34.9796    28.0117 284.708345  0.000e+00
    770.973    761.371     1.1853     1.1449  30.395424    34.9771    28.0173 284.718762  0.000e+00
    770.990    761.387     1.0340     0.9945  30.258116    34.9699    28.0217 284.729178  0.000e+00
    771.119    761.514     0.9753     0.9362  30.205476    34.9677    28.0238 284.739595  0.000e+00
    771.265    761.658     0.8935     0.8549  30.130725    34.9628    28.0253 284.750012  0.000e+00
    771.237    761.631     0.8445     0.8062  30.087844    34.9624    28.0281 284.760428  0.000e+00
    771.160    761.554     0.8211     0.7829  30.067048    34.9618    28.0292 284.770845  0.000e+00
    771.022    761.419     0.6560     0.6189  29.918572    34.9548    28.0339 284.781262  0.000e+00
    770.859    761.258     0.6940     0.6567  29.950372    34.9535    28.0305 284.791678  0.000e+00
    770.634    761.037     0.7535     0.7159  30.005389    34.9580    28.0304 284.802095  0.000e+00
    770.410    760.816     0.7825     0.7447  30.031435    34.9594    28.0297 284.812512  0.000e+00
    770.152    760.561     0.8098     0.7718  30.055752    34.9604    28.0287 284.822928  0.000e+00
    770.004    760.415     0.7295     0.6920  29.986813    34.9613    28.0346 284.833345  0.000e+00
    769.835    760.249     0.7379     0.7003  29.992482    34.9594    28.0325 284.843762  0.000e+00
    769.710    760.125     0.4792     0.4433  29.761718    34.9504    28.0411 284.854178  0.000e+00
    769.633    760.049     0.4649     0.4291  29.745738    34.9457    28.0381 284.864595  0.000e+00
    769.536    759.954     0.6087     0.5721  29.875281    34.9525    28.0350 284.875012  0.000e+00
    769.448    759.867     0.4043     0.3689  29.691363    34.9431    28.0396 284.885428  0.000e+00
    769.373    759.793     0.4361     0.4005  29.723764    34.9496    28.0430 284.895845  0.000e+00
    769.317    759.738     0.6127     0.5760  29.878112    34.9519    28.0342 284.906262  0.000e+00
    769.259    759.680     0.6695     0.6325  29.928163    34.9530    28.0316 284.916678  0.000e+00
    769.235    759.657     0.6639     0.6269  29.924926    34.9552    28.0337 284.927095  0.000e+00
    769.236    759.658     0.6587     0.6217  29.923134    34.9586    28.0368 284.937512  0.000e+00
    769.213    759.636     0.6628     0.6258  29.922151    34.9528    28.0319 284.947928  0.000e+00
    769.215    759.638     0.7061     0.6688  29.962224    34.9562    28.0319 284.958345  0.000e+00
    769.209    759.631     0.6944     0.6571  29.951235    34.9551    28.0318 284.968762  0.000e+00
    769.222    759.644     0.7172     0.6799  29.972000    34.9564    28.0314 284.979178  0.000e+00
    769.281    759.702     0.7513     0.7137  30.002607    34.9577    28.0303 284.989595  0.000e+00
    769.325    759.746     0.6302     0.5934  29.893309    34.9519    28.0332 285.000012  0.000e+00
    769.354    759.775     0.9560     0.9171  30.188937    34.9690    28.0262 285.010428  0.000e+00
    769.404    759.824     0.7344     0.6969  29.987216    34.9567    28.0306 285.020845  0.000e+00
    769.450    759.869     0.8453     0.8071  30.089461    34.9645    28.0298 285.031262  0.000e+00
    769.466    759.884     0.9308     0.8921  30.165506    34.9670    28.0262 285.041678  0.000e+00
    769.487    759.906     0.6836     0.6465  29.942330    34.9554    28.0327 285.052095  0.000e+00
    769.487    759.906     0.7874     0.7496  30.035832    34.9601    28.0300 285.062512  0.000e+00
    769.579    759.996     0.8763     0.8379  30.117042    34.9653    28.0284 285.072928  0.000e+00
    769.559    759.976     0.8832     0.8447  30.120925    34.9627    28.0259 285.083345  0.000e+00
    769.651    760.067     1.2096     1.1691  30.418629    34.9805    28.0184 285.093762  0.000e+00
    769.719    760.134     1.0602     1.0207  30.279887    34.9693    28.0195 285.104178  0.000e+00
    769.820    760.233     0.9071     0.8685  30.143300    34.9646    28.0259 285.114595  0.000e+00
    769.923    760.335     0.8984     0.8598  30.137504    34.9668    28.0282 285.125012  0.000e+00
    770.003    760.415     1.2093     1.1688  30.416593    34.9780    28.0163 285.135428  0.000e+00
    770.064    760.474     1.1088     1.0689  30.326709    34.9749    28.0208 285.145845  0.000e+00
    770.107    760.516     1.1016     1.0618  30.320840    34.9754    28.0216 285.156262  0.000e+00
    770.107    760.517     1.0783     1.0386  30.303063    34.9786    28.0258 285.166678  0.000e+00
    770.093    760.503     0.9651     0.9261  30.198395    34.9706    28.0269 285.177095  0.000e+00
    770.084    760.494     0.8625     0.8242  30.105338    34.9654    28.0294 285.187512  0.000e+00
    770.032    760.442     0.9328     0.8941  30.167306    34.9667    28.0258 285.197928  0.000e+00
    770.039    760.449     0.9224     0.8837  30.157332    34.9655    28.0255 285.208345  0.000e+00
    769.872    760.285     0.9617     0.9227  30.194508    34.9695    28.0262 285.218762  0.000e+00
    769.743    760.158     0.9780     0.9390  30.208605    34.9695    28.0251 285.229178  0.000e+00
    769.703    760.119     0.8119     0.7739  30.060384    34.9642    28.0317 285.239595  0.000e+00
    769.810    760.224     0.6612     0.6241  29.923945    34.9566    28.0351 285.250012  0.000e+00
    769.867    760.280     0.7214     0.6840  29.975530    34.9559    28.0307 285.260428  0.000e+00
    769.907    760.320     0.7381     0.7006  29.993177    34.9599    28.0329 285.270845  0.000e+00
    769.833    760.246     0.6236     0.5868  29.885278    34.9487    28.0310 285.281262  0.000e+00
    769.737    760.152     0.7006     0.6633  29.953607    34.9509    28.0280 285.291678  0.000e+00
    769.551    759.968     0.7696     0.7319  30.016787    34.9554    28.0273 285.302095  0.000e+00
    769.494    759.912     0.7525     0.7149  30.001277    34.9545    28.0277 285.312512  0.000e+00
    769.494    759.912     0.7418     0.7042  29.991613    34.9541    28.0280 285.322928  0.000e+00
    769.512    759.930     0.7109     0.6736  29.964076    34.9530    28.0290 285.333345  0.000e+00
    769.416    759.836     0.7405     0.7030  29.989877    34.9533    28.0274 285.343762  0.000e+00
    769.352    759.772     0.7606     0.7230  30.009263    34.9559    28.0282 285.354178  0.000e+00
    769.307    759.728     0.7514     0.7139  30.001218    34.9558    28.0287 285.364595  0.000e+00
    769.280    759.701     0.7654     0.7277  30.013603    34.9562    28.0282 285.375012  0.000e+00
    769.256    759.678     0.7010     0.6637  29.955688    34.9535    28.0300 285.385428  0.000e+00
    769.260    759.682     0.6778     0.6407  29.935217    34.9529    28.0310 285.395845  0.000e+00
    769.240    759.662     0.6339     0.5970  29.895793    34.9511    28.0323 285.406262  0.000e+00
    769.253    759.675     0.6683     0.6312  29.927123    34.9531    28.0318 285.416678  0.000e+00
    769.240    759.662     0.6607     0.6237  29.919723    34.9520    28.0313 285.427095  0.000e+00
    769.240    759.662     0.6691     0.6320  29.927759    34.9531    28.0317 285.437512  0.000e+00
    769.228    759.650     0.6622     0.6252  29.920185    34.9509    28.0304 285.447928  0.000e+00
    769.215    759.638     0.6408     0.6039  29.902382    34.9519    28.0325 285.458345  0.000e+00
    769.226    759.649     0.5901     0.5536  29.857256    34.9502    28.0342 285.468762  0.000e+00
    769.245    759.667     0.4569     0.4212  29.737835    34.9445    28.0377 285.479178  0.000e+00
    769.245    759.667     0.5394     0.5031  29.812040    34.9485    28.0359 285.489595  0.000e+00
    769.258    759.679     0.5665     0.5301  29.835424    34.9484    28.0342 285.500012  0.000e+00
    769.284    759.706     0.7265     0.6891  29.978710    34.9546    28.0293 285.510428  0.000e+00
    769.282    759.703     0.8260     0.7879  30.068780    34.9596    28.0271 285.520845  0.000e+00
    769.277    759.698     0.8825     0.8441  30.120229    34.9627    28.0259 285.531262  0.000e+00
    769.290    759.711     0.8771     0.8388  30.114839    34.9618    28.0255 285.541678  0.000e+00
    769.295    759.717     0.8751     0.8367  30.113101    34.9619    28.0257 285.552095  0.000e+00
    769.282    759.704     0.9423     0.9035  30.172465    34.9632    28.0224 285.562512  0.000e+00
    769.354    759.775     0.8277     0.7896  30.070286    34.9596    28.0269 285.572928  0.000e+00
    769.424    759.843     0.8201     0.7821  30.063742    34.9596    28.0274 285.583345  0.000e+00
    769.461    759.880     1.1435     1.1035  30.354022    34.9715    28.0157 285.593762  0.000e+00
    769.541    759.958     1.2224     1.1819  30.427238    34.9772    28.0148 285.604178  0.000e+00
    769.599    760.015     1.0720     1.0323  30.293477    34.9737    28.0222 285.614595  0.000e+00
    769.666    760.082     0.9274     0.8887  30.160926    34.9647    28.0246 285.625012  0.000e+00
    769.742    760.157     0.9752     0.9362  30.204137    34.9669    28.0232 285.635428  0.000e+00
    769.872    760.285     1.0308     0.9915  30.254223    34.9690    28.0212 285.645845  0.000e+00
    769.962    760.374     0.8849     0.8464  30.125158    34.9660    28.0284 285.656262  0.000e+00
    770.096    760.506     0.8145     0.7764  30.059632    34.9602    28.0283 285.666678  0.000e+00
    770.230    760.638     0.7461     0.7085  29.998675    34.9579    28.0308 285.677095  0.000e+00
    770.364    760.769     0.6219     0.5851  29.886666    34.9520    28.0338 285.687512  0.000e+00
    770.498    760.902     0.6018     0.5651  29.867253    34.9493    28.0328 285.697928  0.000e+00
    770.626    761.028     0.6357     0.5988  29.896895    34.9497    28.0310 285.708345  0.000e+00
    770.679    761.080     0.6968     0.6595  29.951181    34.9515    28.0287 285.718762  0.000e+00
    770.713    761.114     0.7779     0.7401  30.024663    34.9556    28.0269 285.729178  0.000e+00
    770.856    761.255     0.8254     0.7873  30.069248    34.9600    28.0274 285.739595  0.000e+00
    770.797    761.196     0.7868     0.7489  30.033231    34.9567    28.0272 285.750012  0.000e+00
    770.790    761.190     0.6950     0.6577  29.951760    34.9542    28.0310 285.760428  0.000e+00
    770.833    761.233     0.6998     0.6624  29.954941    34.9529    28.0297 285.770845  0.000e+00
    770.786    761.186     0.9854     0.9463  30.211393    34.9642    28.0204 285.781262  0.000e+00
    770.683    761.085     0.9045     0.8659  30.138955    34.9614    28.0235 285.791678  0.000e+00
    770.581    760.984     0.9591     0.9201  30.187490    34.9630    28.0211 285.802095  0.000e+00
    770.451    760.856     0.8586     0.8203  30.095546    34.9570    28.0229 285.812512  0.000e+00
    770.327    760.734     0.8107     0.7727  30.052741    34.9554    28.0246 285.822928  0.000e+00
    770.236    760.644     0.8036     0.7656  30.046198    34.9550    28.0248 285.833345  0.000e+00
    770.211    760.619     0.7751     0.7373  30.021362    34.9548    28.0264 285.843762  0.000e+00
    770.120    760.530     0.8302     0.7920  30.071041    34.9574    28.0250 285.854178  0.000e+00
    770.045    760.455     0.8459     0.8077  30.086739    34.9600    28.0261 285.864595  0.000e+00
    770.032    760.442     0.8316     0.7934  30.076081    34.9623    28.0289 285.875012  0.000e+00
    770.029    760.440     0.7192     0.6818  29.975647    34.9584    28.0329 285.885428  0.000e+00
    770.042    760.452     0.7952     0.7573  30.040871    34.9575    28.0274 285.895845  0.000e+00
    769.998    760.409     0.7019     0.6646  29.958004    34.9550    28.0312 285.906262  0.000e+00
    769.968    760.380     0.5921     0.5555  29.862746    34.9547    28.0377 285.916678  0.000e+00
    769.974    760.385     0.5457     0.5094  29.818104    34.9488    28.0358 285.927095  0.000e+00
    769.953    760.365     0.5491     0.5128  29.820933    34.9487    28.0355 285.937512  0.000e+00
    769.961    760.372     0.5468     0.5105  29.819606    34.9495    28.0363 285.947928  0.000e+00
    769.917    760.329     0.6274     0.5906  29.891750    34.9527    28.0340 285.958345  0.000e+00
    769.949    760.361     0.6133     0.5765  29.879038    34.9521    28.0343 285.968762  0.000e+00
    769.962    760.373     0.6109     0.5742  29.877189    34.9523    28.0346 285.979178  0.000e+00
    769.995    760.406     0.6413     0.6044  29.904176    34.9531    28.0335 285.989595  0.000e+00
    770.008    760.419     0.6392     0.6023  29.903078    34.9541    28.0344 286.000012  0.000e+00
    769.982    760.393     0.6719     0.6348  29.931346    34.9541    28.0323 286.010428  0.000e+00
    769.982    760.393     0.6800     0.6428  29.938862    34.9548    28.0324 286.020845  0.000e+00
    769.996    760.407     0.7176     0.6802  29.973101    34.9569    28.0318 286.031262  0.000e+00
    769.976    760.388     0.7380     0.7005  29.990978    34.9572    28.0307 286.041678  0.000e+00
    769.997    760.408     0.7513     0.7137  30.003420    34.9584    28.0308 286.052095  0.000e+00
    770.055    760.465     0.7351     0.6976  29.988780    34.9575    28.0312 286.062512  0.000e+00
    770.138    760.547     0.7317     0.6942  29.985771    34.9574    28.0313 286.072928  0.000e+00
    770.248    760.656     0.7167     0.6793  29.972234    34.9567    28.0316 286.083345  0.000e+00
    770.318    760.725     0.6950     0.6577  29.952742    34.9558    28.0322 286.093762  0.000e+00
    770.422    760.827     0.7202     0.6828  29.975301    34.9566    28.0313 286.104178  0.000e+00
    770.461    760.866     0.7266     0.6891  29.981375    34.9573    28.0315 286.114595  0.000e+00
    770.551    760.954     0.7443     0.7067  29.997461    34.9582    28.0311 286.125012  0.000e+00
    770.643    761.045     0.8500     0.8117  30.091434    34.9612    28.0268 286.135428  0.000e+00
    770.728    761.129     0.8925     0.8540  30.130724    34.9642    28.0265 286.145845  0.000e+00
    770.736    761.136     0.9368     0.8980  30.168931    34.9639    28.0234 286.156262  0.000e+00
    770.750    761.151     1.0402     1.0007  30.264096    34.9708    28.0220 286.166678  0.000e+00
    770.880    761.279     1.0804     1.0407  30.300567    34.9726    28.0208 286.177095  0.000e+00
    770.881    761.279     1.1085     1.0686  30.326304    34.9742    28.0202 286.187512  0.000e+00
    770.920    761.318     1.1290     1.0889  30.344959    34.9753    28.0197 286.197928  0.000e+00
    770.940    761.337     1.1481     1.1079  30.363095    34.9772    28.0199 286.208345  0.000e+00
    770.926    761.324     1.0745     1.0347  30.296908    34.9745    28.0228 286.218762  0.000e+00
    770.937    761.335     0.9956     0.9564  30.224624    34.9697    28.0242 286.229178  0.000e+00
    770.852    761.251     0.9064     0.8678  30.143941    34.9656    28.0267 286.239595  0.000e+00
