tests/test_data/sbe_files/sbe37/cnv/test_sbe37.cnv
* Sea-Bird SBE37SM-RS232  Data File:
* FileName = C:\KJFPROG\Sea-Bird2\SEATERM\Microcatdata\2013\9304_2015_09_15.hex
* Software version SeatermV2 2.2.2
* Temperature SN = 9304
* Conductivity SN = 9304
* System UpLoad Time = Sep 15 2015 19:28:29
* sample interval = 900 seconds
* <ApplicationData>
# nquan = 9
# nvalues = 69685                                 
# units = specified
# name 0 = prdM: Pressure, Strain Gauge [db]
# name 1 = depSM: Depth [salt water, m], lat = 81.30
# name 2 = tv290C: Temperature [ITS-90, deg C]
# name 3 = potemp090C: Potential Temperature [ITS-90, deg C]
# name 4 = cond0mS/cm: Conductivity [mS/cm]
# name 5 = sal00: Salinity, Practical [PSU]
# name 6 = sigma-é00: Density [sigma-theta, Kg/m^3]
# name 7 = timeJV2: Time, Instrument [julian days]
# name 8 = flag:  0.000e+00
# span 0 =      0.077,    782.483                 
# span 1 =      0.076,    772.716                 
# span 2 =    -0.2738,    17.8948                 
# span 3 =    -0.3048,    17.8948                 
# span 4 =   0.000711,  31.670756                 
# span 5 =    -0.0004,    35.0443                 
# span 6 =    -1.3768,    28.0595                 
# span 7 = 262.916678, 988.791678                 
# span 8 = 0.0000e+00, 0.0000e+00                 
# interval = seconds: 900
# start_time = Sep 19 2013 22:00:01 [Instrument's time stamp, first data scan]
# bad_flag = -9.990e-29
*END*
[from data line 321]
    769.444    759.863     0.5000     0.4640  29.776949    34.9470    28.0371 266.260428  0.000e+00
    769.333    759.754     0.4605     0.4247  29.740430    34.9439    28.0370 266.270845  0.000e+00
    769.245    759.667     0.5257     0.4896  29.799860    34.9480    28.0363 266.281262  0.000e+00
    769.180    759.603     0.5491     0.5128  29.820238    34.9482    28.0351 266.291678  0.000e+00
    769.134    759.558     0.5363     0.5001  29.809154    34.9483    28.0359 266.302095  0.000e+00
    769.121    759.545     0.5372     0.5010  29.809615    34.9478    28.0355 266.312512  0.000e+00
    769.115    759.539     0.5145     0.4785  29.789471    34.9471    28.0363 266.322928  0.000e+00
    769.095    759.520     0.4792     0.4434  29.759004    34.9471    28.0384 266.333345  0.000e+00
    769.036    759.461     0.5044     0.4684  29.780526    34.9469    28.0367 266.343762  0.000e+00
    769.018    759.443     0.5103     0.4743  29.785662    34.9469    28.0364 266.354178  0.000e+00
    769.044    759.469     0.5253     0.4892  29.798936    34.9473    28.0358 266.364595  0.000e+00
    769.064    759.489     0.6051     0.5685  29.871467    34.9519    28.0347 266.375012  0.000e+00
    769.077    759.501     0.6139     0.5772  29.876435    34.9485    28.0314 266.385428  0.000e+00
    769.085    759.510     0.6498     0.6129  29.908624    34.9499    28.0303 266.395845  0.000e+00
    769.137    759.560     0.7245     0.6871  29.976222    34.9537    28.0287 266.406262  0.000e+00
    769.196    759.619     0.7385     0.7010  29.989240    34.9548    28.0288 266.416678  0.000e+00
    769.287    759.708     0.7301     0.6927  29.981661    34.9544    28.0289 266.427095  0.000e+00
    769.397    759.817     0.7328     0.6953  29.984091    34.9545    28.0288 266.437512  0.000e+00
    769.525    759.943     0.7282     0.6907  29.980042    34.9543    28.0290 266.447928  0.000e+00
    769.726    760.141     0.7723     0.7346  30.020319    34.9568    28.0282 266.458345  0.000e+00
    769.856    760.269     0.8044     0.7665  30.048802    34.9576    28.0268 266.468762  0.000e+00
    769.921    760.333     0.8508     0.8125  30.089867    34.9587    28.0247 266.479178  0.000e+00
    770.134    760.543     0.8228     0.7847  30.065481    34.9584    28.0263 266.489595  0.000e+00
    770.586    760.988     0.8157     0.7777  30.057896    34.9563    28.0251 266.500012  0.000e+00
    770.889    761.287     0.8393     0.8011  30.079558    34.9577    28.0246 266.510428  0.000e+00
    771.024    761.421     0.8659     0.8275  30.104008    34.9594    28.0243 266.520845  0.000e+00
    771.360    761.752     0.7949     0.7569  30.042206    34.9589    28.0285 266.531262  0.000e+00
    771.527    761.917     0.8277     0.7895  30.071219    34.9595    28.0269 266.541678  0.000e+00
    771.541    761.930     0.8398     0.8015  30.082631    34.9607    28.0271 266.552095  0.000e+00
    771.265    761.658     0.9274     0.8886  30.163134    34.9667    28.0262 266.562512  0.000e+00
    771.273    761.666     1.0638     1.0241  30.285409    34.9715    28.0210 266.572928  0.000e+00
    771.177    761.571     1.0520     1.0124  30.276233    34.9729    28.0230 266.583345  0.000e+00
    770.960    761.357     1.1742     1.1338  30.385712    34.9771    28.0181 266.593762  0.000e+00
    770.940    761.338     1.1212     1.0812  30.339729    34.9773    28.0218 266.604178  0.000e+00
    770.934    761.332     1.2085     1.1679  30.419738    34.9824    28.0199 266.614595  0.000e+00
    770.882    761.280     1.1330     1.0929  30.348156    34.9749    28.0191 266.625012  0.000e+00
    770.927    761.325     1.0762     1.0365  30.297721    34.9736    28.0219 266.635428  0.000e+00
    770.867    761.266     0.9570     0.9180  30.188768    34.9668    28.0244 266.645845  0.000e+00
    770.775    761.175     0.8741     0.8356  30.114960    34.9645    28.0279 266.656262  0.000e+00
    770.621    761.023     1.0230     0.9837  30.249581    34.9713    28.0236 266.666678  0.000e+00
    770.485    760.889     0.9481     0.9092  30.182676    34.9691    28.0268 266.677095  0.000e+00
    770.307    760.714     0.7214     0.6840  29.976457    34.9568    28.0314 266.687512  0.000e+00
    770.200    760.609     0.5974     0.5608  29.864075    34.9503    28.0338 266.697928  0.000e+00
    770.058    760.468     0.5652     0.5288  29.833059    34.9463    28.0326 266.708345  0.000e+00
    769.954    760.366     0.5277     0.4915  29.801883    34.9479    28.0362 266.718762  0.000e+00
    769.760    760.174     0.5064     0.4704  29.783413    34.9479    28.0375 266.729178  0.000e+00
    769.650    760.066     0.4724     0.4365  29.752948    34.9466    28.0384 266.739595  0.000e+00
    769.514    759.932     0.4422     0.4065  29.725725    34.9452    28.0391 266.750012  0.000e+00
    769.404    759.824     0.4821     0.4462  29.761255    34.9467    28.0379 266.760428  0.000e+00
    769.315    759.736     0.4836     0.4477  29.761485    34.9453    28.0367 266.770845  0.000e+00
    769.243    759.665     0.4962     0.4602  29.772794    34.9460    28.0365 266.781262  0.000e+00
    769.185    759.608     0.4873     0.4514  29.764600    34.9453    28.0364 266.791678  0.000e+00
    769.114    759.538     0.4713     0.4355  29.750293    34.9447    28.0369 266.802095  0.000e+00
    769.082    759.506     0.4752     0.4393  29.753985    34.9452    28.0371 266.812512  0.000e+00
    769.062    759.487     0.4927     0.4568  29.769620    34.9458    28.0365 266.822928  0.000e+00
    769.018    759.443     0.5200     0.4839  29.793453    34.9462    28.0352 266.833345  0.000e+00
    768.986    759.411     0.5310     0.4949  29.802861    34.9460    28.0344 266.843762  0.000e+00
    768.980    759.406     0.5649     0.5285  29.832998    34.9472    28.0333 266.854178  0.000e+00
    768.967    759.393     0.5734     0.5369  29.840910    34.9479    28.0334 266.864595  0.000e+00
    768.962    759.388     0.6687     0.6316  29.926659    34.9522    28.0310 266.875012  0.000e+00
    768.995    759.421     0.7283     0.6909  29.980908    34.9556    28.0300 266.885428  0.000e+00
    769.022    759.447     0.7029     0.6656  29.958985    34.9557    28.0317 266.895845  0.000e+00
    769.055    759.480     0.7763     0.7386  30.024948    34.9587    28.0295 266.906262  0.000e+00
    769.114    759.538     0.7498     0.7122  30.001449    34.9581    28.0307 266.916678  0.000e+00
    769.178    759.601     0.7763     0.7386  30.026106    34.9601    28.0307 266.927095  0.000e+00
    769.224    759.647     0.8315     0.7934  30.076484    34.9634    28.0298 266.937512  0.000e+00
    769.321    759.742     0.8463     0.8081  30.087027    34.9604    28.0264 266.947928  0.000e+00
    769.369    759.789     0.9333     0.8946  30.165564    34.9643    28.0239 266.958345  0.000e+00
    769.413    759.833     0.8824     0.8440  30.120229    34.9628    28.0260 266.968762  0.000e+00
    769.503    759.921     0.8803     0.8419  30.119592    34.9642    28.0273 266.979178  0.000e+00
    769.593    760.010     0.9074     0.8688  30.143938    34.9653    28.0264 266.989595  0.000e+00
    769.736    760.151     0.9917     0.9526  30.216728    34.9646    28.0203 267.000012  0.000e+00
    769.853    760.266     0.9771     0.9380  30.204892    34.9657    28.0221 267.010428  0.000e+00
    769.963    760.375     1.0308     0.9914  30.253585    34.9682    28.0206 267.020845  0.000e+00
    770.145    760.554     1.0493     1.0098  30.270771    34.9695    28.0204 267.031262  0.000e+00
    770.273    760.680     1.0136     0.9743  30.238435    34.9677    28.0214 267.041678  0.000e+00
    770.460    760.864     1.0554     1.0158  30.276230    34.9696    28.0200 267.052095  0.000e+00
    770.551    760.954     1.0531     1.0136  30.273037    34.9679    28.0189 267.062512  0.000e+00
    770.583    760.986     1.0268     0.9874  30.250568    34.9684    28.0210 267.072928  0.000e+00
    770.654    761.056     1.0626     1.0230  30.283025    34.9701    28.0200 267.083345  0.000e+00
    770.752    761.152     1.0786     1.0388  30.299579    34.9735    28.0216 267.093762  0.000e+00
    770.796    761.196     1.0998     1.0599  30.317356    34.9726    28.0195 267.104178  0.000e+00
    770.796    761.196     1.0497     1.0102  30.273212    34.9718    28.0222 267.114595  0.000e+00
    770.930    761.328     0.8784     0.8399  30.119017    34.9648    28.0279 267.125012  0.000e+00
    770.928    761.326     0.8271     0.7889  30.071334    34.9607    28.0279 267.135428  0.000e+00
    770.863    761.262     0.8207     0.7826  30.065889    34.9609    28.0285 267.145845  0.000e+00
    770.831    761.230     0.8459     0.8076  30.088074    34.9613    28.0272 267.156262  0.000e+00
    770.760    761.160     0.8021     0.7642  30.048921    34.9598    28.0287 267.166678  0.000e+00
    770.599    761.002     0.8849     0.8464  30.125623    34.9662    28.0286 267.177095  0.000e+00
    770.427    760.832     0.9838     0.9447  30.214990    34.9708    28.0258 267.187512  0.000e+00
    770.290    760.697     0.9094     0.8708  30.147824    34.9676    28.0281 267.197928  0.000e+00
    770.128    760.537     0.7828     0.7449  30.031145    34.9589    28.0293 267.208345  0.000e+00
    769.900    760.313     0.7355     0.6980  29.987275    34.9553    28.0293 267.218762  0.000e+00
    769.783    760.197     0.6831     0.6460  29.940076    34.9529    28.0307 267.229178  0.000e+00
    769.651    760.067     0.5110     0.4749  29.786702    34.9472    28.0366 267.239595  0.000e+00
    769.573    759.990     0.4633     0.4276  29.743315    34.9443    28.0371 267.250012  0.000e+00
    769.492    759.911     0.3480     0.3130  29.642326    34.9424    28.0423 267.260428  0.000e+00
    769.388    759.808     0.3513     0.3163  29.644630    34.9418    28.0416 267.270845  0.000e+00
    769.299    759.720     0.3680     0.3328  29.659263    34.9421    28.0409 267.281262  0.000e+00
    769.235    759.657     0.4735     0.4377  29.751793    34.9441    28.0363 267.291678  0.000e+00
    769.147    759.570     0.5500     0.5137  29.819603    34.9464    28.0336 267.302095  0.000e+00
    769.078    759.502     0.5751     0.5387  29.842527    34.9480    28.0334 267.312512  0.000e+00
    769.032    759.457     0.5312     0.4950  29.803612    34.9468    28.0351 267.322928  0.000e+00
    768.986    759.411     0.4917     0.4558  29.767196    34.9438    28.0350 267.333345  0.000e+00
    768.954    759.380     0.5069     0.4708  29.781737    34.9457    28.0357 267.343762  0.000e+00
    768.915    759.341     0.5111     0.4751  29.785719    34.9462    28.0357 267.354178  0.000e+00
    768.883    759.310     0.5137     0.4776  29.787970    34.9463    28.0357 267.364595  0.000e+00
    768.857    759.284     0.5180     0.4819  29.791952    34.9466    28.0357 267.375012  0.000e+00
    768.845    759.272     0.5279     0.4918  29.799859    34.9457    28.0344 267.385428  0.000e+00
    768.825    759.253     0.6226     0.5859  29.883715    34.9483    28.0307 267.395845  0.000e+00
    768.808    759.236     0.7155     0.6782  29.968354    34.9538    28.0294 267.406262  0.000e+00
    768.815    759.243     0.7358     0.6984  29.987908    34.9563    28.0301 267.416678  0.000e+00
    768.830    759.258     0.7839     0.7462  30.032067    34.9595    28.0297 267.427095  0.000e+00
    768.856    759.283     0.7957     0.7579  30.042489    34.9597    28.0291 267.437512  0.000e+00
    768.914    759.341     0.8218     0.7838  30.066173    34.9611    28.0285 267.447928  0.000e+00
    768.986    759.411     0.8150     0.7770  30.059687    34.9603    28.0283 267.458345  0.000e+00
    769.076    759.500     0.8696     0.8313  30.109275    34.9631    28.0271 267.468762  0.000e+00
    769.212    759.635     0.9331     0.8943  30.167999    34.9678    28.0267 267.479178  0.000e+00
    769.304    759.725     1.0041     0.9650  30.231758    34.9703    28.0241 267.489595  0.000e+00
    769.382    759.802     0.9375     0.8987  30.169565    34.9647    28.0240 267.500012  0.000e+00
    769.478    759.896     0.8859     0.8475  30.123417    34.9629    28.0259 267.510428  0.000e+00
    769.574    759.991     0.8740     0.8356  30.112406    34.9620    28.0259 267.520845  0.000e+00
    769.671    760.087     0.8994     0.8608  30.135590    34.9634    28.0254 267.531262  0.000e+00
    769.806    760.220     0.8616     0.8233  30.102961    34.9635    28.0280 267.541678  0.000e+00
    769.897    760.310     0.9990     0.9598  30.224795    34.9667    28.0215 267.552095  0.000e+00
    769.964    760.376     1.0575     1.0179  30.277274    34.9688    28.0193 267.562512  0.000e+00
    770.004    760.415     1.1044     1.0645  30.320259    34.9716    28.0184 267.572928  0.000e+00
    770.095    760.504     1.1331     1.0931  30.348560    34.9758    28.0198 267.583345  0.000e+00
    770.217    760.625     1.1627     1.1224  30.376581    34.9786    28.0201 267.593762  0.000e+00
    770.315    760.722     1.2012     1.1607  30.411999    34.9809    28.0193 267.604178  0.000e+00
    770.354    760.760     1.1909     1.1505  30.403332    34.9813    28.0203 267.614595  0.000e+00
    770.424    760.829     1.1937     1.1533  30.405601    34.9811    28.0199 267.625012  0.000e+00
    770.469    760.874     1.1767     1.1363  30.389026    34.9788    28.0193 267.635428  0.000e+00
    770.469    760.873     1.1602     1.1200  30.374431    34.9785    28.0201 267.645845  0.000e+00
    770.456    760.860     1.1912     1.1508  30.402227    34.9795    28.0188 267.656262  0.000e+00
    770.457    760.861     1.2145     1.1740  30.425554    34.9834    28.0203 267.666678  0.000e+00
    770.328    760.735     1.1995     1.1590  30.410370    34.9808    28.0193 267.677095  0.000e+00
    770.360    760.766     1.1703     1.1300  30.381873    34.9768    28.0181 267.687512  0.000e+00
    770.288    760.695     1.1674     1.1271  30.378907    34.9763    28.0179 267.697928  0.000e+00
    770.191    760.600     1.1354     1.0954  30.350014    34.9750    28.0190 267.708345  0.000e+00
    770.165    760.574     1.0752     1.0355  30.294698    34.9713    28.0201 267.718762  0.000e+00
    770.041    760.452     0.9940     0.9549  30.221371    34.9678    28.0227 267.729178  0.000e+00
    769.956    760.368     0.9708     0.9318  30.200483    34.9670    28.0236 267.739595  0.000e+00
    769.808    760.221     0.9720     0.9330  30.200947    34.9663    28.0229 267.750012  0.000e+00
    769.691    760.107     0.9238     0.8851  30.157563    34.9644    28.0246 267.760428  0.000e+00
    769.510    759.928     0.9285     0.8898  30.161331    34.9641    28.0241 267.770845  0.000e+00
    769.387    759.806     0.8811     0.8427  30.118317    34.9618    28.0253 267.781262  0.000e+00
    769.251    759.673     0.8781     0.8397  30.116230    34.9626    28.0261 267.791678  0.000e+00
    769.187    759.609     0.8613     0.8230  30.100642    34.9613    28.0261 267.802095  0.000e+00
    769.107    759.531     0.7426     0.7051  29.994390    34.9569    28.0302 267.812512  0.000e+00
    769.073    759.498     0.6816     0.6445  29.938975    34.9536    28.0314 267.822928  0.000e+00
    769.048    759.472     0.7192     0.6818  29.972288    34.9547    28.0299 267.833345  0.000e+00
    769.023    759.448     0.7333     0.6958  29.985421    34.9558    28.0299 267.843762  0.000e+00
    768.978    759.403     0.7844     0.7466  30.030852    34.9573    28.0279 267.854178  0.000e+00
    768.966    759.391     0.8082     0.7703  30.052969    34.9592    28.0279 267.864595  0.000e+00
    768.934    759.360     0.8491     0.8109  30.089459    34.9606    28.0264 267.875012  0.000e+00
    768.908    759.335     0.8132     0.7752  30.057138    34.9591    28.0275 267.885428  0.000e+00
    768.883    759.310     0.8439     0.8058  30.085693    34.9615    28.0275 267.895845  0.000e+00
    768.876    759.303     0.8220     0.7840  30.067389    34.9625    28.0296 267.906262  0.000e+00
