tests/test_data/sbe_files/sbe37/cnv/test_sbe37.cnv
* Sea-Bird SBE37SM-RS232  Data File:
* FileName = C:\KJFPROG\Sea-Bird2\SEATERM\Microcatdata\2013\9304_2015_09_15.hex
* Software version SeatermV2 2.2.2
* Temperature SN = 9304
* Conductivity SN = 9304
* System UpLoad Time = Sep 15 2015 19:28:29
* sample interval = 900 seconds
* <ApplicationData>
# nquan = 9
# nvalues = 69685                                 
# units = specified
# name 0 = prdM: Pressure, Strain Gauge [db]
# name 1 = depSM: Depth [salt water, m], lat = 81.30
# name 2 = tv290C: Temperature [ITS-90, deg C]
# name 3 = potemp090C: Potential Temperature [ITS-90, deg C]
# name 4 = cond0mS/cm: Conductivity [mS/cm]
# name 5 = sal00: Salinity, Practical [PSU]
# name 6 = sigma-é00: Density [sigma-theta, Kg/m^3]
# name 7 = timeJV2: Time, Instrument [julian days]
# name 8 = flag:  0.000e+00
# span 0 =      0.077,    782.483                 
# span 1 =      0.076,    772.716                 
# span 2 =    -0.2738,    17.8948                 
# span 3 =    -0.3048,    17.8948                 
# span 4 =   0.000711,  31.670756                 
# span 5 =    -0.0004,    35.0443                 
# span 6 =    -1.3768,    28.0595                 
# span 7 = 262.916678, 988.791678                 
# span 8 = 0.0000e+00, 0.0000e+00                 
# interval = seconds: 900
# start_time = Sep 19 2013 22:00:01 [Instrument's time stamp, first data scan]
# bad_flag = -9.990e-29
*END*
[from data line 641]
    770.535    760.938     0.8936     0.8551  30.130549    34.9629    28.0253 269.593762  0.000e+00
    770.811    761.211     0.8472     0.8089  30.089407    34.9616    28.0273 269.604178  0.000e+00
    771.006    761.402     0.9297     0.8909  30.165337    34.9670    28.0263 269.614595  0.000e+00
    771.123    761.519     1.0067     0.9674  30.235361    34.9711    28.0245 269.625012  0.000e+00
    771.192    761.586     0.7000     0.6626  29.957661    34.9560    28.0321 269.635428  0.000e+00
    771.385    761.777     1.0033     0.9640  30.232460    34.9709    28.0246 269.645845  0.000e+00
    771.569    761.958     1.0320     0.9925  30.257770    34.9713    28.0231 269.656262  0.000e+00
    771.783    762.169     1.0747     1.0349  30.294470    34.9707    28.0196 269.666678  0.000e+00
    771.893    762.277     0.9855     0.9463  30.217431    34.9712    28.0260 269.677095  0.000e+00
    771.879    762.263     0.9811     0.9420  30.211570    34.9686    28.0242 269.687512  0.000e+00
    771.963    762.346     1.0527     1.0131  30.276641    34.9722    28.0223 269.697928  0.000e+00
    771.983    762.366     1.0562     1.0165  30.279777    34.9724    28.0223 269.708345  0.000e+00
    771.983    762.366     1.0209     0.9815  30.248018    34.9709    28.0235 269.718762  0.000e+00
    771.781    762.167     0.9463     0.9073  30.180476    34.9676    28.0257 269.729178  0.000e+00
    771.543    761.932     0.9278     0.8890  30.163715    34.9667    28.0262 269.739595  0.000e+00
    771.239    761.632     0.8582     0.8198  30.099431    34.9620    28.0269 269.750012  0.000e+00
    771.095    761.491     0.8577     0.8194  30.097692    34.9603    28.0256 269.760428  0.000e+00
    770.767    761.167     0.9196     0.8809  30.154899    34.9650    28.0254 269.770845  0.000e+00
    770.594    760.996     0.9362     0.8974  30.171077    34.9674    28.0262 269.781262  0.000e+00
    770.374    760.780     0.9569     0.9180  30.188418    34.9667    28.0243 269.791678  0.000e+00
    770.207    760.615     0.9537     0.9148  30.185111    34.9662    28.0241 269.802095  0.000e+00
    770.124    760.533     0.9398     0.9010  30.173453    34.9668    28.0254 269.812512  0.000e+00
    769.994    760.405     0.9195     0.8808  30.154665    34.9653    28.0256 269.822928  0.000e+00
    769.904    760.317     0.9541     0.9153  30.184472    34.9650    28.0231 269.833345  0.000e+00
    769.878    760.291     0.9449     0.9061  30.177222    34.9660    28.0245 269.843762  0.000e+00
    769.857    760.271     0.8687     0.8304  30.108177    34.9622    28.0264 269.854178  0.000e+00
    769.797    760.211     0.7474     0.7098  29.999947    34.9584    28.0311 269.864595  0.000e+00
    769.752    760.167     0.7450     0.7074  29.998326    34.9590    28.0317 269.875012  0.000e+00
    769.764    760.178     0.6732     0.6361  29.932617    34.9544    28.0325 269.885428  0.000e+00
    769.738    760.153     0.7323     0.6948  29.985770    34.9570    28.0309 269.895845  0.000e+00
    769.733    760.148     0.7919     0.7541  30.040581    34.9610    28.0304 269.906262  0.000e+00
    769.700    760.115     0.7509     0.7133  30.002493    34.9578    28.0304 269.916678  0.000e+00
    769.700    760.115     0.7604     0.7227  30.011347    34.9586    28.0304 269.927095  0.000e+00
    769.718    760.133     0.6659     0.6289  29.925621    34.9535    28.0323 269.937512  0.000e+00
    769.757    760.172     0.6582     0.6211  29.919667    34.9545    28.0335 269.947928  0.000e+00
    769.840    760.254     0.6454     0.6085  29.907123    34.9525    28.0327 269.958345  0.000e+00
    769.942    760.354     0.6233     0.5865  29.886954    34.9511    28.0330 269.968762  0.000e+00
    770.021    760.432     0.6158     0.5791  29.880251    34.9508    28.0331 269.979178  0.000e+00
    770.040    760.451     0.6836     0.6464  29.943662    34.9569    28.0339 269.989595  0.000e+00
    770.138    760.547     0.6729     0.6357  29.931809    34.9535    28.0318 270.000012  0.000e+00
    770.284    760.691     0.5563     0.5199  29.826362    34.9474    28.0341 270.010428  0.000e+00
    770.337    760.743     0.6892     0.6520  29.946496    34.9541    28.0312 270.020845  0.000e+00
    770.434    760.839     0.6233     0.5865  29.887129    34.9510    28.0328 270.031262  0.000e+00
    770.550    760.953     0.7308     0.6933  29.983690    34.9556    28.0298 270.041678  0.000e+00
    770.668    761.070     0.8049     0.7669  30.051179    34.9597    28.0285 270.052095  0.000e+00
    770.747    761.147     0.8994     0.8608  30.135535    34.9627    28.0248 270.062512  0.000e+00
    770.859    761.258     1.0019     0.9626  30.229324    34.9688    28.0230 270.072928  0.000e+00
    771.007    761.404     0.9173     0.8786  30.153392    34.9655    28.0259 270.083345  0.000e+00
    771.123    761.518     0.9662     0.9272  30.196135    34.9658    28.0229 270.093762  0.000e+00
    771.238    761.631     0.9187     0.8800  30.150145    34.9596    28.0211 270.104178  0.000e+00
    771.431    761.822     0.9120     0.8732  30.144290    34.9596    28.0215 270.114595  0.000e+00
    771.606    761.995     0.8842     0.8456  30.120235    34.9595    28.0233 270.125012  0.000e+00
    771.640    762.027     0.9727     0.9336  30.199559    34.9627    28.0200 270.135428  0.000e+00
    771.840    762.225     1.0230     0.9836  30.245231    34.9651    28.0186 270.145845  0.000e+00
    772.290    762.669     0.9181     0.8793  30.150380    34.9601    28.0215 270.156262  0.000e+00
    772.220    762.600     0.9826     0.9434  30.207974    34.9621    28.0189 270.166678  0.000e+00
    771.976    762.359     0.9836     0.9444  30.209539    34.9632    28.0197 270.177095  0.000e+00
    771.963    762.346     0.9761     0.9370  30.203447    34.9637    28.0206 270.187512  0.000e+00
    772.072    762.453     0.9826     0.9434  30.208611    34.9630    28.0196 270.197928  0.000e+00
    772.085    762.466     0.9795     0.9403  30.205885    34.9630    28.0198 270.208345  0.000e+00
    772.002    762.384     1.0174     0.9780  30.240820    34.9656    28.0194 270.218762  0.000e+00
    771.775    762.161     1.0331     0.9936  30.253822    34.9650    28.0178 270.229178  0.000e+00
    771.698    762.085     1.0919     1.0520  30.308528    34.9696    28.0176 270.239595  0.000e+00
    771.621    762.009     1.0054     0.9661  30.230081    34.9654    28.0200 270.250012  0.000e+00
    771.325    761.717     1.0139     0.9745  30.238322    34.9667    28.0205 270.260428  0.000e+00
    771.040    761.437     1.0443     1.0048  30.265199    34.9674    28.0191 270.270845  0.000e+00
    770.886    761.285     0.9747     0.9356  30.204547    34.9673    28.0236 270.281262  0.000e+00
    770.705    761.106     0.9634     0.9244  30.192711    34.9648    28.0223 270.291678  0.000e+00
    770.452    760.856     0.8909     0.8524  30.127419    34.9619    28.0247 270.302095  0.000e+00
    770.278    760.685     0.8868     0.8483  30.124115    34.9624    28.0254 270.312512  0.000e+00
    770.123    760.532     0.9316     0.8929  30.163246    34.9627    28.0227 270.322928  0.000e+00
    770.000    760.411     0.9421     0.9033  30.172699    34.9632    28.0225 270.333345  0.000e+00
    769.865    760.278     0.9289     0.8902  30.160404    34.9622    28.0225 270.343762  0.000e+00
    769.800    760.214     0.9042     0.8657  30.138025    34.9610    28.0232 270.354178  0.000e+00
    769.799    760.213     0.9092     0.8706  30.142778    34.9616    28.0233 270.364595  0.000e+00
    769.742    760.157     0.8796     0.8412  30.117738    34.9625    28.0259 270.375012  0.000e+00
    769.677    760.093     0.8649     0.8265  30.104525    34.9620    28.0265 270.385428  0.000e+00
    769.574    759.992     0.8899     0.8514  30.126257    34.9621    28.0249 270.395845  0.000e+00
    769.568    759.985     0.9293     0.8906  30.163941    34.9666    28.0260 270.406262  0.000e+00
    769.555    759.973     0.9475     0.9087  30.179425    34.9661    28.0244 270.416678  0.000e+00
    769.556    759.973     0.9649     0.9259  30.194274    34.9658    28.0231 270.427095  0.000e+00
    769.626    760.043     0.9501     0.9113  30.181165    34.9654    28.0237 270.437512  0.000e+00
    769.582    759.999     0.9631     0.9242  30.191606    34.9643    28.0219 270.447928  0.000e+00
    769.587    760.004     0.8759     0.8375  30.114029    34.9619    28.0257 270.458345  0.000e+00
    769.657    760.074     0.8643     0.8260  30.102729    34.9603    28.0252 270.468762  0.000e+00
    769.716    760.131     0.8739     0.8355  30.110146    34.9591    28.0236 270.479178  0.000e+00
    769.749    760.163     0.9857     0.9466  30.209997    34.9627    28.0192 270.489595  0.000e+00
    769.846    760.260     0.9604     0.9215  30.185342    34.9592    28.0180 270.500012  0.000e+00
    769.892    760.305     1.0185     0.9793  30.240523    34.9651    28.0189 270.510428  0.000e+00
    769.970    760.382     1.0715     1.0318  30.288018    34.9670    28.0169 270.520845  0.000e+00
    770.054    760.465     1.0951     1.0554  30.310324    34.9692    28.0170 270.531262  0.000e+00
    770.191    760.599     1.1123     1.0724  30.325837    34.9699    28.0164 270.541678  0.000e+00
    770.249    760.657     1.1662     1.1259  30.373441    34.9708    28.0135 270.552095  0.000e+00
    770.289    760.696     1.1739     1.1336  30.383966    34.9756    28.0168 270.562512  0.000e+00
    770.598    761.001     1.1230     1.0830  30.337984    34.9732    28.0184 270.572928  0.000e+00
    770.797    761.197     1.1053     1.0654  30.320087    34.9700    28.0170 270.583345  0.000e+00
    770.952    761.349     1.1457     1.1055  30.355886    34.9707    28.0149 270.593762  0.000e+00
    771.133    761.528     1.1365     1.0964  30.348970    34.9720    28.0165 270.604178  0.000e+00
    771.294    761.687     1.1832     1.1428  30.392052    34.9749    28.0157 270.614595  0.000e+00
    771.327    761.720     1.2037     1.1632  30.411653    34.9772    28.0161 270.625012  0.000e+00
    771.301    761.693     1.1795     1.1391  30.389319    34.9756    28.0165 270.635428  0.000e+00
    771.418    761.809     1.2095     1.1689  30.417005    34.9775    28.0160 270.645845  0.000e+00
    771.399    761.790     1.2375     1.1968  30.442198    34.9785    28.0148 270.656262  0.000e+00
    771.548    761.937     1.2484     1.2075  30.452033    34.9789    28.0144 270.666678  0.000e+00
    771.600    761.988     1.2300     1.1892  30.435565    34.9783    28.0152 270.677095  0.000e+00
    771.509    761.898     1.1646     1.1243  30.374840    34.9736    28.0159 270.687512  0.000e+00
    771.365    761.757     1.1822     1.1418  30.391180    34.9750    28.0158 270.697928  0.000e+00
    771.327    761.720     1.1156     1.0756  30.331245    34.9725    28.0183 270.708345  0.000e+00
    771.320    761.713     1.1902     1.1498  30.395774    34.9719    28.0128 270.718762  0.000e+00
    771.314    761.706     1.1634     1.1231  30.372165    34.9716    28.0143 270.729178  0.000e+00
    771.249    761.643     1.1235     1.0835  30.337056    34.9711    28.0167 270.739595  0.000e+00
    771.178    761.573     1.1046     1.0647  30.320494    34.9710    28.0178 270.750012  0.000e+00
    771.107    761.502     1.0900     1.0502  30.307132    34.9702    28.0182 270.760428  0.000e+00
    771.104    761.499     0.9265     0.8877  30.157045    34.9599    28.0208 270.770845  0.000e+00
    771.147    761.541     0.8340     0.7958  30.073882    34.9562    28.0238 270.781262  0.000e+00
    771.134    761.529     0.8335     0.7953  30.073477    34.9562    28.0239 270.791678  0.000e+00
    770.973    761.370     0.7371     0.6996  29.986525    34.9518    28.0264 270.802095  0.000e+00
    770.792    761.192     0.8141     0.7761  30.054769    34.9539    28.0233 270.812512  0.000e+00
    770.624    761.026     0.8770     0.8386  30.110438    34.9555    28.0205 270.822928  0.000e+00
    770.594    760.996     0.9741     0.9350  30.197409    34.9590    28.0170 270.833345  0.000e+00
    770.576    760.979     0.9432     0.9043  30.169974    34.9582    28.0184 270.843762  0.000e+00
    770.554    760.957     0.8048     0.7668  30.045156    34.9521    28.0224 270.854178  0.000e+00
    770.495    760.899     0.9022     0.8636  30.133911    34.9576    28.0206 270.864595  0.000e+00
    770.357    760.763     1.0531     1.0135  30.270249    34.9645    28.0161 270.875012  0.000e+00
    770.300    760.707     1.0707     1.0311  30.283546    34.9619    28.0129 270.885428  0.000e+00
    770.253    760.661     0.9542     0.9153  30.181399    34.9608    28.0197 270.895845  0.000e+00
    770.136    760.545     0.9041     0.8655  30.135649    34.9579    28.0207 270.906262  0.000e+00
    770.058    760.469     0.8876     0.8491  30.119941    34.9562    28.0204 270.916678  0.000e+00
    769.999    760.411     0.8343     0.7961  30.072199    34.9543    28.0223 270.927095  0.000e+00
    769.972    760.383     0.7995     0.7616  30.042202    34.9545    28.0247 270.937512  0.000e+00
    769.998    760.409     0.8273     0.7892  30.065886    34.9540    28.0224 270.947928  0.000e+00
    769.946    760.358     0.7935     0.7556  30.037107    34.9547    28.0252 270.958345  0.000e+00
    769.906    760.319     0.7967     0.7588  30.039712    34.9545    28.0249 270.968762  0.000e+00
    769.862    760.275     0.7864     0.7485  30.030101    34.9537    28.0248 270.979178  0.000e+00
    769.849    760.263     0.8355     0.7973  30.071446    34.9521    28.0204 270.989595  0.000e+00
    769.890    760.302     0.9356     0.8968  30.164115    34.9595    28.0199 271.000012  0.000e+00
    769.905    760.318     1.0393     0.9998  30.256138    34.9621    28.0151 271.010428  0.000e+00
    770.007    760.418     0.9071     0.8685  30.140750    34.9612    28.0231 271.020845  0.000e+00
    770.070    760.480     0.9111     0.8724  30.142315    34.9588    28.0209 271.031262  0.000e+00
    770.119    760.528     1.1501     1.1100  30.359720    34.9711    28.0149 271.041678  0.000e+00
    770.185    760.593     1.1713     1.1310  30.378790    34.9719    28.0140 271.052095  0.000e+00
    770.256    760.663     1.1641     1.1239  30.372860    34.9723    28.0148 271.062512  0.000e+00
    770.321    760.728     1.1804     1.1401  30.387745    34.9731    28.0144 271.072928  0.000e+00
    770.489    760.893     1.1987     1.1583  30.404670    34.9743    28.0141 271.083345  0.000e+00
    770.657    761.058     1.1848     1.1444  30.391759    34.9732    28.0142 271.093762  0.000e+00
    770.753    761.153     1.1730     1.1326  30.381583    34.9733    28.0151 271.104178  0.000e+00
    770.927    761.325     1.1781     1.1378  30.385886    34.9729    28.0144 271.114595  0.000e+00
    771.056    761.453     1.1871     1.1467  30.394144    34.9734    28.0142 271.125012  0.000e+00
    771.224    761.618     1.2202     1.1796  30.424974    34.9758    28.0139 271.135428  0.000e+00
    771.335    761.727     1.2167     1.1761  30.422007    34.9760    28.0142 271.145845  0.000e+00
    771.537    761.926     1.4236     1.3817  30.612591    34.9887    28.0099 271.156262  0.000e+00
    771.532    761.921     1.4724     1.4301  30.657566    34.9917    28.0088 271.166678  0.000e+00
    771.590    761.978     1.3819     1.3402  30.575628    34.9880    28.0123 271.177095  0.000e+00
    771.564    761.953     1.3350     1.2936  30.533262    34.9862    28.0141 271.187512  0.000e+00
    771.563    761.951     1.3218     1.2805  30.521845    34.9863    28.0152 271.197928  0.000e+00
    771.530    761.919     1.4015     1.3597  30.592533    34.9878    28.0107 271.208345  0.000e+00
    771.465    761.855     1.3014     1.2602  30.501751    34.9834    28.0143 271.218762  0.000e+00
    771.205    761.599     1.1675     1.1272  30.377049    34.9733    28.0155 271.229178  0.000e+00
    771.165    761.559     1.0541     1.0145  30.273793    34.9675    28.0184 271.239595  0.000e+00
