tests/test_data/sbe_files/sbe911plus/troll_transect_22_23/003.cnv
* Sea-Bird SBE 9 Data File:
* FileName = C:\Documents and Settings\ctd\Desktop\TrollTransect_22_23\data\003.hex
* Software Version Seasave V 7.21b
* Temperature SN = 4771
* Conductivity SN = 3742
* Number of Bytes Per Scan = 48
* Number of Voltage Words = 5
* Number of Scans Averaged by the Deck Unit = 1
* NMEA Latitude = 69 58.37 S
* NMEA Longitude = 005 33.46 E
* NMEA UTC (Time) = Jan 23 2023  07:18:39
* NMEA baud rate = 4800
** Cruise: Troll Transect 22 23
** Ship: Silver Arctic
** Station (File Number):  003
** Latitude:
** Longitude:
** Echodepth (m):
** Seastate:
# nquan = 21                                
# nvalues = 79277                       
# units = specified
# name 0 = prDM: Pressure, Digiquartz [db]
# name 1 = t090C: Temperature [ITS-90, deg C]
# name 2 = t190C: Temperature, 2 [ITS-90, deg C]
# name 3 = c0S/m: Conductivity [S/m]
# name 4 = c1S/m: Conductivity, 2 [S/m]
# name 5 = sbox0Mm/Kg: Oxygen, SBE 43 [umol/kg]
# name 6 = flECO-AFL: Fluorescence, WET Labs ECO-AFL/FL [mg/m^3]
# name 7 = xmiss: Beam Transmission, Chelsea/Seatech [%]
# name 8 = bat: Beam Attenuation, Chelsea/Seatech [1/m]
# name 9 = v1: Voltage 1
# name 10 = v2: Voltage 2
# name 11 = timeS: Time, Elapsed [seconds]
# name 12 = latitude: Latitude [deg]
# name 13 = longitude: Longitude [deg]
# name 14 = sal00: Salinity, Practical [PSU]
# name 15 = sal11: Salinity, Practical, 2 [PSU]
# name 16 = gsw_saA0: Absolute Salinity [g/kg]
# name 17 = gsw_saA1: Absolute Salinity, 2 [g/kg]
# name 18 = gsw_ctA0: Conservative Temperature [ITS-90, deg C]
# name 19 = gsw_ctA1: Conservative Temperature, 2 [ITS-90, deg C]
# name 20 = flag: flag
# span 0 =     -0.096,   1149.201       
# span 1 =    -1.7617,     0.6580       
# span 2 =    -1.7608,     0.6610       
# span 3 =   0.006112,   2.965726       
# span 4 =  -0.000359,   2.965747       
# span 5 =    200.197,    843.930       
# span 6 =    -0.0350,    11.0604       
# span 7 =     0.7776,    96.3761       
# span 8 =     0.1476,    19.4825       
# span 9 =     0.0105,     0.0684       
# span 10 =     0.0518,     4.5774      
# span 11 =      0.000,   3303.167      
# span 12 =  -69.97282,  -69.97274      
# span 13 =    5.55770,    5.55780      
# span 14 =     0.0526,    34.6686      
# span 15 =    -0.0027,    34.9728      
# span 16 =     0.0000,    34.8409      
# span 17 =    -0.0027,    35.1425      
# span 18 =    -1.7638,     0.6303      
# span 19 =    -1.7631,     0.6333      
# span 20 = 0.0000e+00, 0.0000e+00      
# interval = seconds: 0.0416667
# start_time = Jan 23 2023 07:18:39 [NMEA time, first data scan]
# bad_flag = -9.990e-29
*END*
[from data line 3035]
     55.271    -1.6153    -1.6295   2.682659   2.682402    305.298     3.9991    90.4185     0.4029     0.0415     4.2954    342.292  -69.97276 -9.990e-29    33.8079    33.8205    33.9721    33.9848    -1.6120    -1.6262 0.0000e+00
     55.299    -1.6151    -1.6295   2.682630   2.682375    305.476     4.0475    90.4141     0.4031     0.0415     4.2952    342.333  -69.97276 -9.990e-29    33.8073    33.8201    33.9715    33.9844    -1.6118    -1.6262 0.0000e+00
     55.327    -1.6153    -1.6296   2.682629   2.682386    305.660     4.0839    90.4089     0.4033     0.0415     4.2949    342.375  -69.97276 -9.990e-29    33.8075    33.8204    33.9717    33.9846    -1.6120    -1.6263 0.0000e+00
     55.354    -1.6150    -1.6298   2.682595   2.682396    305.888     4.1117    90.4072     0.4033     0.0415     4.2949    342.417  -69.97276 -9.990e-29    33.8067    33.8207    33.9708    33.9850    -1.6117    -1.6265 0.0000e+00
     55.380    -1.6149    -1.6298   2.682595   2.682396    306.176     4.1331    90.4026     0.4036     0.0415     4.2946    342.458  -69.97276 -9.990e-29    33.8065    33.8207    33.9707    33.9850    -1.6116    -1.6265 0.0000e+00
     55.406    -1.6151    -1.6298   2.682582   2.682413    306.537     4.1499    90.4025     0.4036     0.0415     4.2946    342.500  -69.97276 -9.990e-29    33.8066    33.8209    33.9707    33.9852    -1.6118    -1.6265 0.0000e+00
     55.430    -1.6150    -1.6299   2.682600   2.682401    306.916     4.1633    90.4062     0.4034     0.0415     4.2948    342.542  -69.97276 -9.990e-29    33.8067    33.8209    33.9709    33.9851    -1.6117    -1.6266 0.0000e+00
     55.456    -1.6150    -1.6298   2.682599   2.682413    307.181     4.1743    90.4037     0.4035     0.0415     4.2947    342.583  -69.97276 -9.990e-29    33.8066    33.8209    33.9708    33.9852    -1.6117    -1.6265 0.0000e+00
     55.480    -1.6152    -1.6301   2.682582   2.682401    307.388     4.1839    90.4095     0.4033     0.0415     4.2950    342.625  -69.97276 -9.990e-29    33.8066    33.8211    33.9708    33.9853    -1.6119    -1.6268 0.0000e+00
     55.504    -1.6151    -1.6298   2.682576   2.682414    307.661     4.1927    90.4691     0.4007     0.0415     4.2978    342.667  -69.97276 -9.990e-29    33.8064    33.8209    33.9706    33.9851    -1.6118    -1.6265 0.0000e+00
     55.528    -1.6150    -1.6299   2.682576   2.682402    307.977     4.2015    90.6128     0.3943     0.0415     4.3046    342.708  -69.97276 -9.990e-29    33.8063    33.8208    33.9705    33.9851    -1.6117    -1.6266 0.0000e+00
     55.552    -1.6148    -1.6301   2.682582   2.682413    308.265     4.2106    90.7754     0.3872     0.0415     4.3123    342.750  -69.97276 -9.990e-29    33.8061    33.8212    33.9703    33.9854    -1.6115    -1.6268 0.0000e+00
     55.577    -1.6150    -1.6303   2.682576   2.682423    308.566     4.2210    90.8660     0.3832     0.0415     4.3166    342.792  -69.97276 -9.990e-29    33.8062    33.8215    33.9704    33.9858    -1.6117    -1.6270 0.0000e+00
     55.602    -1.6150    -1.6303   2.682575   2.682423    308.948     4.2336    90.8859     0.3823     0.0415     4.3175    342.833  -69.97276 -9.990e-29    33.8062    33.8215    33.9704    33.9858    -1.6117    -1.6270 0.0000e+00
     55.626    -1.6152    -1.6303   2.682563   2.682401    309.315     4.2494    90.8852     0.3823     0.0415     4.3175    342.875  -69.97276 -9.990e-29    33.8063    33.8212    33.9704    33.9855    -1.6119    -1.6270 0.0000e+00
     55.651    -1.6150    -1.6303   2.682545   2.682434    309.663     4.2697    90.8850     0.3823     0.0415     4.3175    342.917  -69.97276 -9.990e-29    33.8058    33.8216    33.9700    33.9859    -1.6117    -1.6270 0.0000e+00
     55.675    -1.6152    -1.6301   2.682533   2.682407    310.091     4.2960    90.8850     0.3823     0.0415     4.3175    342.958  -69.97276 -9.990e-29    33.8058    33.8210    33.9700    33.9853    -1.6119    -1.6268 0.0000e+00
     55.698    -1.6150    -1.6302   2.682522   2.682413    310.500     4.3304    90.8850     0.3823     0.0415     4.3175    343.000  -69.97276 -9.990e-29    33.8054    33.8212    33.9696    33.9855    -1.6117    -1.6269 0.0000e+00
     55.721    -1.6150    -1.6303   2.682545   2.682423    310.837     4.3752    90.8850     0.3823     0.0415     4.3175    343.042  -69.97276 -9.990e-29    33.8057    33.8215    33.9699    33.9857    -1.6117    -1.6270 0.0000e+00
     55.743    -1.6148    -1.6304   2.682540   2.682401    311.201     4.4343    90.8850     0.3823     0.0415     4.3175    343.083  -69.97276 -9.990e-29    33.8054    33.8212    33.9696    33.9855    -1.6115    -1.6271 0.0000e+00
     55.766    -1.6152    -1.6303   2.682539   2.682412    311.603     4.5123    90.8850     0.3823     0.0415     4.3175    343.125  -69.97276 -9.990e-29    33.8058    33.8213    33.9700    33.9855    -1.6119    -1.6270 0.0000e+00
     55.790    -1.6151    -1.6304   2.682509   2.682423    312.012     4.6155    90.8850     0.3823     0.0415     4.3175    343.167  -69.97276 -9.990e-29    33.8053    33.8215    33.9695    33.9858    -1.6118    -1.6271 0.0000e+00
     55.815    -1.6158    -1.6303   2.682519   2.682423    312.424     4.7520    90.8850     0.3823     0.0415     4.3175    343.208  -69.97276 -9.990e-29    33.8062    33.8214    33.9704    33.9857    -1.6125    -1.6270 0.0000e+00
     55.840    -1.6157    -1.6304   2.682519   2.682423    312.826     4.9259    90.8850     0.3823     0.0415     4.3175    343.250  -69.97276 -9.990e-29    33.8061    33.8215    33.9703    33.9857    -1.6124    -1.6271 0.0000e+00
     55.864    -1.6163    -1.6304   2.682523   2.682401    313.182     5.1185    90.8850     0.3823     0.0415     4.3175    343.292  -69.97276 -9.990e-29    33.8068    33.8212    33.9710    33.9854    -1.6130    -1.6271 0.0000e+00
     55.887    -1.6173    -1.6301   2.682503   2.682430    313.533     5.2920    90.8850     0.3823     0.0415     4.3175    343.333  -69.97276 -9.990e-29    33.8077    33.8212    33.9719    33.9855    -1.6140    -1.6268 0.0000e+00
     55.910    -1.6189    -1.6304   2.682463   2.682428    313.916     5.4260    90.8849     0.3823     0.0415     4.3175    343.375  -69.97276 -9.990e-29    33.8089    33.8215    33.9731    33.9858    -1.6156    -1.6271 0.0000e+00
     55.935    -1.6196    -1.6304   2.682478   2.682456    314.279     5.5248    90.8844     0.3823     0.0415     4.3175    343.417  -69.97276 -9.990e-29    33.8099    33.8219    33.9741    33.9862    -1.6163    -1.6271 0.0000e+00
     55.961    -1.6204    -1.6301   2.682477   2.682435    314.688     5.5981    90.8818     0.3824     0.0415     4.3173    343.458  -69.97276 -9.990e-29    33.8108    33.8212    33.9750    33.9855    -1.6171    -1.6268 0.0000e+00
     55.986    -1.6213    -1.6306   2.682480   2.682456    315.134     5.6532    90.8670     0.3831     0.0415     4.3166    343.500  -69.97276 -9.990e-29    33.8118    33.8221    33.9760    33.9863    -1.6180    -1.6273 0.0000e+00
     56.010    -1.6220    -1.6304   2.682484   2.682456    315.560     5.6946    90.8333     0.3846     0.0415     4.3150    343.542  -69.97276 -9.990e-29    33.8127    33.8218    33.9769    33.9861    -1.6187    -1.6271 0.0000e+00
     56.035    -1.6226    -1.6304   2.682471   2.682445    316.072     5.7256    90.7987     0.3861     0.0415     4.3134    343.583  -69.97276 -9.990e-29    33.8132    33.8217    33.9774    33.9859    -1.6193    -1.6271 0.0000e+00
     56.061    -1.6235    -1.6306   2.682439   2.682445    316.597     5.7487    90.7789     0.3869     0.0415     4.3125    343.625  -69.97276 -9.990e-29    33.8137    33.8219    33.9779    33.9861    -1.6202    -1.6274 0.0000e+00
     56.086    -1.6237    -1.6304   2.682468   2.682445    317.001     5.7656    90.7719     0.3873     0.0415     4.3121    343.667  -69.97276 -9.990e-29    33.8143    33.8216    33.9786    33.9859    -1.6204    -1.6272 0.0000e+00
     56.112    -1.6240    -1.6304   2.682468   2.682429    317.371     5.7778    90.7758     0.3871     0.0415     4.3123    343.708  -69.97276 -9.990e-29    33.8147    33.8214    33.9789    33.9857    -1.6207    -1.6272 0.0000e+00
     56.139    -1.6238    -1.6303   2.682497   2.682441    317.771     5.7862    90.7808     0.3868     0.0415     4.3126    343.750  -69.97276 -9.990e-29    33.8148    33.8214    33.9790    33.9857    -1.6205    -1.6271 0.0000e+00
     56.165    -1.6236    -1.6304   2.682474   2.682446    318.177     5.7913    90.7817     0.3868     0.0415     4.3126    343.792  -69.97276 -9.990e-29    33.8142    33.8216    33.9785    33.9859    -1.6203    -1.6272 0.0000e+00
     56.192    -1.6233    -1.6306   2.682498   2.682468    318.578     5.7937    90.7819     0.3868     0.0415     4.3126    343.833  -69.97276 -9.990e-29    33.8142    33.8221    33.9785    33.9864    -1.6200    -1.6274 0.0000e+00
     56.220    -1.6232    -1.6306   2.682487   2.682473    319.006     5.7936    90.7819     0.3868     0.0415     4.3126    343.875  -69.97276 -9.990e-29    33.8139    33.8222    33.9782    33.9864    -1.6199    -1.6274 0.0000e+00
     56.248    -1.6231    -1.6306   2.682434   2.682434    319.431     5.7908    90.7819     0.3868     0.0415     4.3126    343.917  -69.97276 -9.990e-29    33.8131    33.8216    33.9773    33.9859    -1.6198    -1.6274 0.0000e+00
     56.275    -1.6228    -1.6307   2.682447   2.682440    319.813     5.7852    90.7819     0.3868     0.0415     4.3126    343.958  -69.97276 -9.990e-29    33.8129    33.8218    33.9771    33.9861    -1.6195    -1.6275 0.0000e+00
     56.302    -1.6226    -1.6306   2.682477   2.682462    320.178     5.7764    90.7819     0.3868     0.0415     4.3126    344.000  -69.97276 -9.990e-29    33.8131    33.8220    33.9773    33.9862    -1.6193    -1.6274 0.0000e+00
     56.331    -1.6218    -1.6304   2.682455   2.682491    320.503     5.7635    90.7819     0.3868     0.0415     4.3126    344.042  -69.97276 -9.990e-29    33.8118    33.8221    33.9760    33.9864    -1.6185    -1.6272 0.0000e+00
     56.361    -1.6212    -1.6306   2.682457   2.682479    320.818     5.7454    90.7819     0.3868     0.0415     4.3126    344.083  -69.97276 -9.990e-29    33.8112    33.8222    33.9754    33.9864    -1.6179    -1.6274 0.0000e+00
     56.391    -1.6203    -1.6306   2.682453   2.682451    321.146     5.7208    90.7819     0.3868     0.0415     4.3126    344.125  -69.97276 -9.990e-29    33.8101    33.8218    33.9743    33.9860    -1.6170    -1.6274 0.0000e+00
     56.421    -1.6194    -1.6306   2.682420   2.682484    321.468     5.6878    90.7819     0.3868     0.0415     4.3126    344.167  -69.97276 -9.990e-29    33.8086    33.8222    33.9728    33.9865    -1.6161    -1.6274 0.0000e+00
     56.450    -1.6185    -1.6304   2.682434   2.682458    321.795     5.6439    90.7821     0.3868     0.0415     4.3126    344.208  -69.97276 -9.990e-29    33.8077    33.8216    33.9719    33.9859    -1.6152    -1.6272 0.0000e+00
     56.478    -1.6180    -1.6306   2.682435   2.682462    322.128     5.5856    90.7829     0.3868     0.0415     4.3126    344.250  -69.97276 -9.990e-29    33.8071    33.8219    33.9713    33.9861    -1.6147    -1.6274 0.0000e+00
     56.507    -1.6180    -1.6306   2.682459   2.682473    322.492     5.5082    90.7875     0.3866     0.0415     4.3129    344.292  -69.97276 -9.990e-29    33.8075    33.8220    33.9716    33.9863    -1.6147    -1.6274 0.0000e+00
     56.538    -1.6181    -1.6307   2.682470   2.682473    322.842     5.4073    90.8132     0.3854     0.0415     4.3141    344.333  -69.97276 -9.990e-29    33.8077    33.8221    33.9719    33.9864    -1.6148    -1.6275 0.0000e+00
     56.569    -1.6179    -1.6306   2.682441   2.682473    323.099     5.2908    90.9074     0.3813     0.0415     4.3185    344.375  -69.97276 -9.990e-29    33.8070    33.8219    33.9712    33.9862    -1.6146    -1.6274 0.0000e+00
     56.600    -1.6172    -1.6306   2.682478   2.682490    323.324     5.1818    91.0611     0.3746     0.0415     4.3257    344.417  -69.97276 -9.990e-29    33.8067    33.8222    33.9709    33.9864    -1.6139    -1.6274 0.0000e+00
     56.632    -1.6165    -1.6307   2.682468   2.682496    323.572     5.0960    91.1743     0.3696     0.0415     4.3311    344.458  -69.97276 -9.990e-29    33.8058    33.8223    33.9700    33.9866    -1.6132    -1.6275 0.0000e+00
     56.664    -1.6163    -1.6306   2.682487   2.682496    323.829     5.0323    91.2120     0.3679     0.0415     4.3329    344.500  -69.97276 -9.990e-29    33.8058    33.8222    33.9700    33.9865    -1.6130    -1.6274 0.0000e+00
     56.697    -1.6157    -1.6306   2.682482   2.682462    324.091     4.9849    91.2188     0.3676     0.0415     4.3333    344.542  -69.97276 -9.990e-29    33.8050    33.8217    33.9692    33.9860    -1.6124    -1.6274 0.0000e+00
     56.730    -1.6159    -1.6304   2.682481   2.682486    324.313     4.9492    91.2200     0.3676     0.0415     4.3333    344.583  -69.97276 -9.990e-29    33.8052    33.8218    33.9694    33.9861    -1.6126    -1.6272 0.0000e+00
     56.763    -1.6160    -1.6302   2.682475   2.682513    324.463     4.9220    91.2203     0.3676     0.0415     4.3333    344.625  -69.97276 -9.990e-29    33.8052    33.8219    33.9694    33.9862    -1.6127    -1.6270 0.0000e+00
     56.796    -1.6158    -1.6301   2.682510   2.682503    324.572     4.9012    91.2203     0.3676     0.0415     4.3333    344.667  -69.97276 -9.990e-29    33.8055    33.8217    33.9697    33.9859    -1.6125    -1.6269 0.0000e+00
     56.829    -1.6160    -1.6307   2.682493   2.682512    324.713     4.8855    91.2203     0.3676     0.0415     4.3333    344.708  -69.97276 -9.990e-29    33.8054    33.8224    33.9696    33.9867    -1.6127    -1.6275 0.0000e+00
     56.863    -1.6164    -1.6304   2.682492   2.682502    324.937     4.8736    91.2203     0.3676     0.0415     4.3333    344.750  -69.97276 -9.990e-29    33.8059    33.8219    33.9701    33.9862    -1.6131    -1.6272 0.0000e+00
     56.896    -1.6172    -1.6306   2.682483   2.682536    325.168     4.8644    91.2203     0.3676     0.0415     4.3333    344.792  -69.97276 -9.990e-29    33.8066    33.8226    33.9708    33.9869    -1.6139    -1.6274 0.0000e+00
     56.930    -1.6173    -1.6303   2.682512   2.682530    325.352     4.8574    91.2201     0.3676     0.0415     4.3333    344.833  -69.97276 -9.990e-29    33.8071    33.8222    33.9713    33.9864    -1.6140    -1.6271 0.0000e+00
     56.966    -1.6170    -1.6304   2.682484   2.682508    325.478     4.8520    91.2191     0.3677     0.0415     4.3332    344.875  -69.97276 -9.990e-29    33.8064    33.8220    33.9706    33.9862    -1.6137    -1.6272 0.0000e+00
     57.001    -1.6167    -1.6301   2.682460   2.682537    325.502     4.8477    91.2138     0.3679     0.0415     4.3330    344.917  -69.97276 -9.990e-29    33.8057    33.8220    33.9699    33.9863    -1.6134    -1.6269 0.0000e+00
     57.037    -1.6164    -1.6301   2.682508   2.682548    325.485     4.8443    91.2086     0.3681     0.0415     4.3327    344.958  -69.97276 -9.990e-29    33.8060    33.8221    33.9702    33.9864    -1.6131    -1.6269 0.0000e+00
     57.072    -1.6157    -1.6303   2.682504   2.682547    325.489     4.8413    91.2078     0.3681     0.0415     4.3327    345.000  -69.97276 -9.990e-29    33.8051    33.8223    33.9693    33.9866    -1.6124    -1.6271 0.0000e+00
     57.110    -1.6158    -1.6299   2.682509   2.682548    325.485     4.8387    91.2084     0.3681     0.0415     4.3327    345.042  -69.97276 -9.990e-29    33.8053    33.8219    33.9695    33.9861    -1.6125    -1.6267 0.0000e+00
     57.147    -1.6154    -1.6301   2.682499   2.682548    325.452     4.8361    91.2126     0.3679     0.0415     4.3329    345.083  -69.97276 -9.990e-29    33.8046    33.8221    33.9688    33.9863    -1.6121    -1.6269 0.0000e+00
