tests/test_data/sbe_files/sbe911plus/troll_transect_22_23/003.cnv
* Sea-Bird SBE 9 Data File:
* FileName = C:\Documents and Settings\ctd\Desktop\TrollTransect_22_23\data\003.hex
* Software Version Seasave V 7.21b
* Temperature SN = 4771
* Conductivity SN = 3742
* Number of Bytes Per Scan = 48
* Number of Voltage Words = 5
* Number of Scans Averaged by the Deck Unit = 1
* NMEA Latitude = 69 58.37 S
* NMEA Longitude = 005 33.46 E
* NMEA UTC (Time) = Jan 23 2023  07:18:39
* NMEA baud rate = 4800
** Cruise: Troll Transect 22 23
** Ship: Silver Arctic
** Station (File Number):  003
** Latitude:
** Longitude:
** Echodepth (m):
** Seastate:
# nquan = 21                                
# nvalues = 79277                       
# units = specified
# name 0 = prDM: Pressure, Digiquartz [db]
# name 1 = t090C: Temperature [ITS-90, deg C]
# name 2 = t190C: Temperature, 2 [ITS-90, deg C]
# name 3 = c0S/m: Conductivity [S/m]
# name 4 = c1S/m: Conductivity, 2 [S/m]
# name 5 = sbox0Mm/Kg: Oxygen, SBE 43 [umol/kg]
# name 6 = flECO-AFL: Fluorescence, WET Labs ECO-AFL/FL [mg/m^3]
# name 7 = xmiss: Beam Transmission, Chelsea/Seatech [%]
# name 8 = bat: Beam Attenuation, Chelsea/Seatech [1/m]
# name 9 = v1: Voltage 1
# name 10 = v2: Voltage 2
# name 11 = timeS: Time, Elapsed [seconds]
# name 12 = latitude: Latitude [deg]
# name 13 = longitude: Longitude [deg]
# name 14 = sal00: Salinity, Practical [PSU]
# name 15 = sal11: Salinity, Practical, 2 [PSU]
# name 16 = gsw_saA0: Absolute Salinity [g/kg]
# name 17 = gsw_saA1: Absolute Salinity, 2 [g/kg]
# name 18 = gsw_ctA0: Conservative Temperature [ITS-90, deg C]
# name 19 = gsw_ctA1: Conservative Temperature, 2 [ITS-90, deg C]
# name 20 = flag: flag
# span 0 =     -0.096,   1149.201       
# span 1 =    -1.7617,     0.6580       
# span 2 =    -1.7608,     0.6610       
# span 3 =   0.006112,   2.965726       
# span 4 =  -0.000359,   2.965747       
# span 5 =    200.197,    843.930       
# span 6 =    -0.0350,    11.0604       
# span 7 =     0.7776,    96.3761       
# span 8 =     0.1476,    19.4825       
# span 9 =     0.0105,     0.0684       
# span 10 =     0.0518,     4.5774      
# span 11 =      0.000,   3303.167      
# span 12 =  -69.97282,  -69.97274      
# span 13 =    5.55770,    5.55780      
# span 14 =     0.0526,    34.6686      
# span 15 =    -0.0027,    34.9728      
# span 16 =     0.0000,    34.8409      
# span 17 =    -0.0027,    35.1425      
# span 18 =    -1.7638,     0.6303      
# span 19 =    -1.7631,     0.6333      
# span 20 = 0.0000e+00, 0.0000e+00      
# interval = seconds: 0.0416667
# start_time = Jan 23 2023 07:18:39 [NMEA time, first data scan]
# bad_flag = -9.990e-29
*END*
[from data line 1242]
      7.156    -1.6434    -1.6429   0.084423   2.677594    395.536     2.5805    90.4646     0.4009     0.0424     4.2975    267.583  -69.97276    5.55772     0.8417    33.7995     0.8458    33.9634    -1.7180    -1.6387 0.0000e+00
      7.183    -1.6431    -1.6431   0.084214   2.677582    395.559     2.5782    90.4533     0.4013     0.0422     4.2970    267.625  -69.97276    5.55772     0.8395    33.7996     0.8436    33.9635    -1.7177    -1.6389 0.0000e+00
      7.211    -1.6433    -1.6431   0.084195   2.677587    395.530     2.5752    90.4431     0.4018     0.0423     4.2965    267.667  -69.97276    5.55772     0.8393    33.7996     0.8434    33.9635    -1.7179    -1.6389 0.0000e+00
      7.239    -1.6432    -1.6429   0.084065   2.677594    395.537     2.5710    90.4197     0.4028     0.0423     4.2954    267.708  -69.97276    5.55772     0.8380    33.7995     0.8420    33.9634    -1.7178    -1.6387 0.0000e+00
      7.267    -1.6433    -1.6429   0.083749   2.677583    395.545     2.5655    90.3679     0.4051     0.0419     4.2930    267.750  -69.97276    5.55772     0.8347    33.7993     0.8387    33.9632    -1.7179    -1.6387 0.0000e+00
      7.295    -1.6433    -1.6429   0.083353   2.677589    395.500     2.5582    90.3112     0.4076     0.0419     4.2903    267.792  -69.97276    5.55772     0.8305    33.7994     0.8346    33.9633    -1.7179    -1.6387 0.0000e+00
      7.323    -1.6434    -1.6429   0.082927   2.677578    395.434     2.5486    90.2785     0.4091     0.0423     4.2888    267.833  -69.97276    5.55772     0.8261    33.7992     0.8301    33.9631    -1.7180    -1.6387 0.0000e+00
      7.351    -1.6435    -1.6428   0.082666   2.677595    395.348     2.5358    90.2682     0.4095     0.0424     4.2883    267.875  -69.97276    5.55772     0.8234    33.7993     0.8274    33.9632    -1.7182    -1.6386 0.0000e+00
      7.379    -1.6436    -1.6429   0.082529   2.677595    395.235     2.5188    90.2664     0.4096     0.0422     4.2882    267.917  -69.97276    5.55772     0.8220    33.7994     0.8259    33.9633    -1.7183    -1.6387 0.0000e+00
      7.406    -1.6437    -1.6434   0.082439   2.677594    395.104     2.4966    90.2660     0.4096     0.0424     4.2882    267.958  -69.97276    5.55772     0.8210    33.7999     0.8250    33.9638    -1.7184    -1.6392 0.0000e+00
      7.432    -1.6434    -1.6434   0.082465   2.677616    395.016     2.4701    90.2660     0.4096     0.0426     4.2882    268.000  -69.97276    5.55772     0.8213    33.8002     0.8253    33.9641    -1.7181    -1.6392 0.0000e+00
      7.459    -1.6437    -1.6431   0.082677   2.677623    394.976     2.4444    90.2660     0.4096     0.0424     4.2882    268.042  -69.97276    5.55772     0.8235    33.8000     0.8275    33.9639    -1.7184    -1.6389 0.0000e+00
      7.485    -1.6439    -1.6434   0.083092   2.677623    394.897     2.4237    90.2662     0.4096     0.0419     4.2882    268.083  -69.97276    5.55774     0.8278    33.8003     0.8319    33.9642    -1.7186    -1.6392 0.0000e+00
      7.513    -1.6440    -1.6433   0.083714   2.677628    394.758     2.4082    90.2671     0.4095     0.0419     4.2883    268.125  -69.97276    5.55774     0.8343    33.8002     0.8384    33.9641    -1.7186    -1.6391 0.0000e+00
      7.541    -1.6440    -1.6435   0.084468   2.677600    394.600     2.3964    90.2723     0.4093     0.0424     4.2885    268.167  -69.97276    5.55774     0.8422    33.8001     0.8463    33.9639    -1.7186    -1.6393 0.0000e+00
      7.569    -1.6440    -1.6435   0.084679   2.677617    394.444     2.3875    90.2766     0.4091     0.0427     4.2887    268.208  -69.97276    5.55774     0.8444    33.8003     0.8485    33.9642    -1.7186    -1.6393 0.0000e+00
      7.596    -1.6440    -1.6435   0.084472   2.677606    394.347     2.3808    90.2723     0.4093     0.0427     4.2885    268.250  -69.97276    5.55774     0.8422    33.8001     0.8463    33.9640    -1.7186    -1.6393 0.0000e+00
      7.623    -1.6443    -1.6434   0.084320   2.677618    394.303     2.3759    90.2671     0.4096     0.0427     4.2882    268.292  -69.97276    5.55774     0.8407    33.8001     0.8447    33.9640    -1.7189    -1.6392 0.0000e+00
      7.652    -1.6442    -1.6435   0.084586   2.677663    394.225     2.3723    90.2662     0.4096     0.0427     4.2882    268.333  -69.97276    5.55774     0.8434    33.8009     0.8475    33.9647    -1.7188    -1.6393 0.0000e+00
      7.680    -1.6443    -1.6432   0.084682   2.677618    394.131     2.3695    90.2660     0.4096     0.0427     4.2882    268.375  -69.97276    5.55774     0.8444    33.7999     0.8485    33.9638    -1.7189    -1.6390 0.0000e+00
      7.708    -1.6444    -1.6435   0.084253   2.677635    394.110     2.3674    90.2659     0.4096     0.0427     4.2882    268.417  -69.97276    5.55774     0.8400    33.8004     0.8440    33.9643    -1.7190    -1.6393 0.0000e+00
      7.735    -1.6443    -1.6435   0.083674   2.677646    394.091     2.3658    90.2656     0.4096     0.0427     4.2882    268.458  -69.97276    5.55774     0.8339    33.8006     0.8380    33.9645    -1.7189    -1.6393 0.0000e+00
      7.764    -1.6444    -1.6436   0.083206   2.677652    393.942     2.3645    90.2638     0.4097     0.0427     4.2881    268.500  -69.97276    5.55774     0.8290    33.8008     0.8331    33.9646    -1.7191    -1.6394 0.0000e+00
      7.793    -1.6443    -1.6437   0.082840   2.677652    393.693     2.3634    90.2538     0.4102     0.0427     4.2876    268.542  -69.97276    5.55774     0.8252    33.8009     0.8292    33.9647    -1.7190    -1.6395 0.0000e+00
      7.822    -1.6447    -1.6437   0.082830   2.677629    393.468     2.3625    90.2225     0.4116     0.0427     4.2861    268.583  -69.97276    5.55774     0.8251    33.8005     0.8291    33.9644    -1.7194    -1.6395 0.0000e+00
      7.850    -1.6447    -1.6435   0.083461   2.677625    393.389     2.3618    90.1732     0.4138     0.0427     4.2838    268.625  -69.97276    5.55774     0.8317    33.8002     0.8357    33.9641    -1.7194    -1.6393 0.0000e+00
      7.875    -1.6449    -1.6440   0.084169   2.677646    393.388     2.3612    90.1384     0.4153     0.0427     4.2821    268.667  -69.97276    5.55774     0.8391    33.8011     0.8432    33.9649    -1.7195    -1.6398 0.0000e+00
      7.901    -1.6447    -1.6438   0.084597   2.677668    393.329     2.3609    90.1330     0.4156     0.0427     4.2819    268.708  -69.97276    5.55774     0.8436    33.8011     0.8477    33.9650    -1.7193    -1.6396 0.0000e+00
      7.928    -1.6449    -1.6438   0.084429   2.677642    393.216     2.3607    90.1363     0.4154     0.0427     4.2821    268.750  -69.97276    5.55774     0.8418    33.8007     0.8459    33.9646    -1.7195    -1.6396 0.0000e+00
      7.957    -1.6448    -1.6440   0.083866   2.677663    393.029     2.3604    90.1370     0.4154     0.0427     4.2821    268.792  -69.97276    5.55774     0.8359    33.8012     0.8400    33.9651    -1.7194    -1.6398 0.0000e+00
      7.985    -1.6451    -1.6437   0.083025   2.677653    392.767     2.3601    90.1371     0.4154     0.0427     4.2821    268.833  -69.97276    5.55774     0.8272    33.8007     0.8312    33.9646    -1.7198    -1.6395 0.0000e+00
      8.014    -1.6449    -1.6441   0.082164   2.677668    392.526     2.3597    90.1371     0.4154     0.0426     4.2821    268.875  -69.97276    5.55774     0.8182    33.8014     0.8221    33.9653    -1.7196    -1.6399 0.0000e+00
      8.042    -1.6449    -1.6440   0.081405   2.677658    392.329     2.3591    90.1371     0.4154     0.0424     4.2821    268.917  -69.97276    5.55774     0.8103    33.8011     0.8142    33.9650    -1.7197    -1.6398 0.0000e+00
      8.068    -1.6448    -1.6441   0.080752   2.677686    392.182     2.3584    90.1371     0.4154     0.0422     4.2821    268.958  -69.97276    5.55774     0.8035    33.8016     0.8074    33.9655    -1.7196    -1.6399 0.0000e+00
      8.094    -1.6451    -1.6443   0.080106   2.677663    392.093     2.3575    90.1371     0.4154     0.0424     4.2821    269.000  -69.97276    5.55774     0.7967    33.8015     0.8006    33.9654    -1.7200    -1.6401 0.0000e+00
      8.123    -1.6453    -1.6445   0.079452   2.677668    391.991     2.3562    90.1371     0.4154     0.0426     4.2821    269.042  -69.97276    5.55774     0.7899    33.8018     0.7938    33.9657    -1.7202    -1.6403 0.0000e+00
      8.154    -1.6449    -1.6441   0.078955   2.677675    391.903     2.3547    90.1371     0.4154     0.0426     4.2821    269.083  -69.97276    5.55774     0.7848    33.8014     0.7886    33.9653    -1.7198    -1.6399 0.0000e+00
      8.184    -1.6451    -1.6441   0.078657   2.677676    391.870     2.3531    90.1371     0.4154     0.0424     4.2821    269.125  -69.97276    5.55774     0.7817    33.8014     0.7854    33.9653    -1.7200    -1.6399 0.0000e+00
      8.213    -1.6449    -1.6443   0.078328   2.677681    391.814     2.3516    90.1371     0.4154     0.0419     4.2821    269.167  -69.97276    5.55774     0.7782    33.8017     0.7820    33.9656    -1.7198    -1.6401 0.0000e+00
      8.240    -1.6449    -1.6445   0.078044   2.677692    391.720     2.3504    90.1371     0.4154     0.0419     4.2821    269.208  -69.97276    5.55774     0.7753    33.8020     0.7790    33.9659    -1.7199    -1.6403 0.0000e+00
      8.269    -1.6447    -1.6446   0.077600   2.677720    391.678     2.3495    90.1371     0.4154     0.0424     4.2821    269.250  -69.97276    5.55774     0.7707    33.8025     0.7744    33.9664    -1.7197    -1.6404 0.0000e+00
      8.298    -1.6451    -1.6446   0.076963   2.677731    391.706     2.3493    90.1373     0.4154     0.0426     4.2821    269.292  -69.97276    5.55774     0.7640    33.8027     0.7677    33.9665    -1.7201    -1.6404 0.0000e+00
      8.326    -1.6448    -1.6449   0.076226   2.677685    391.713     2.3493    90.1381     0.4154     0.0426     4.2821    269.333  -69.97276    5.55774     0.7564    33.8023     0.7600    33.9662    -1.7199    -1.6407 0.0000e+00
      8.354    -1.6451    -1.6447   0.075606   2.677714    391.664     2.3496    90.1428     0.4151     0.0424     4.2824    269.375  -69.97276    5.55774     0.7500    33.8025     0.7536    33.9664    -1.7202    -1.6405 0.0000e+00
      8.382    -1.6448    -1.6447   0.075294   2.677709    391.579     2.3501    90.1689     0.4140     0.0422     4.2836    269.417  -69.97276    5.55774     0.7467    33.8024     0.7503    33.9663    -1.7199    -1.6405 0.0000e+00
      8.411    -1.6449    -1.6449   0.075220   2.677720    391.420     2.3509    90.2174     0.4118     0.0424     4.2859    269.458  -69.97276    5.55774     0.7459    33.8028     0.7496    33.9667    -1.7200    -1.6407 0.0000e+00
      8.440    -1.6453    -1.6447   0.075175   2.677726    391.236     2.3522    90.2529     0.4102     0.0427     4.2876    269.500  -69.97276    5.55774     0.7455    33.8026     0.7491    33.9665    -1.7204    -1.6405 0.0000e+00
      8.468    -1.6449    -1.6451   0.074856   2.677731    391.127     2.3540    90.2636     0.4097     0.0427     4.2881    269.542  -69.97276    5.55774     0.7422    33.8031     0.7458    33.9670    -1.7200    -1.6409 0.0000e+00
      8.497    -1.6451    -1.6449   0.074343   2.677703    391.041     2.3563    90.2655     0.4096     0.0427     4.2882    269.583  -69.97276    5.55774     0.7368    33.8025     0.7404    33.9664    -1.7203    -1.6407 0.0000e+00
      8.525    -1.6449    -1.6449   0.073638   2.677743    390.927     2.3592    90.2659     0.4096     0.0426     4.2882    269.625  -69.97276    5.55774     0.7295    33.8030     0.7331    33.9669    -1.7201    -1.6407 0.0000e+00
      8.554    -1.6448    -1.6447   0.073070   2.677738    390.807     2.3633    90.2660     0.4096     0.0424     4.2882    269.667  -69.97276    5.55774     0.7236    33.8027     0.7271    33.9666    -1.7200    -1.6405 0.0000e+00
      8.583    -1.6451    -1.6449   0.072467   2.677726    390.677     2.3689    90.2660     0.4096     0.0422     4.2882    269.708  -69.97276    5.55774     0.7174    33.8027     0.7209    33.9666    -1.7204    -1.6407 0.0000e+00
      8.613    -1.6449    -1.6447   0.072012   2.677711    390.547     2.3764    90.2660     0.4096     0.0424     4.2882    269.750  -69.97276    5.55774     0.7127    33.8023     0.7161    33.9662    -1.7202    -1.6405 0.0000e+00
      8.642    -1.6453    -1.6451   0.071615   2.677743    390.424     2.3864    90.2660     0.4096     0.0427     4.2882    269.792  -69.97276    5.55774     0.7086    33.8032     0.7120    33.9671    -1.7206    -1.6409 0.0000e+00
      8.671    -1.6451    -1.6451   0.071250   2.677710    390.343     2.3999    90.2660     0.4096     0.0427     4.2882    269.833  -69.97276    5.55774     0.7048    33.8027     0.7082    33.9666    -1.7204    -1.6409 0.0000e+00
      8.699    -1.6451    -1.6451   0.071043   2.677721    390.260     2.4177    90.2660     0.4096     0.0427     4.2882    269.875  -69.97276    5.55774     0.7027    33.8028     0.7061    33.9667    -1.7204    -1.6409 0.0000e+00
      8.728    -1.6449    -1.6451   0.070821   2.677765    390.129     2.4411    90.2660     0.4096     0.0427     4.2882    269.917  -69.97276    5.55774     0.7004    33.8034     0.7037    33.9673    -1.7202    -1.6409 0.0000e+00
      8.757    -1.6451    -1.6451   0.070934   2.677744    390.027     2.4720    90.2662     0.4096     0.0427     4.2882    269.958  -69.97276    5.55774     0.7015    33.8031     0.7049    33.9670    -1.7204    -1.6409 0.0000e+00
      8.786    -1.6451    -1.6451   0.071091   2.677750    389.914     2.5130    90.2671     0.4095     0.0426     4.2883    270.000  -69.97276    5.55774     0.7032    33.8032     0.7066    33.9671    -1.7204    -1.6409 0.0000e+00
      8.815    -1.6453    -1.6449   0.071154   2.677755    389.706     2.5669    90.2723     0.4093     0.0424     4.2885    270.042  -69.97276    5.55774     0.7038    33.8030     0.7072    33.9669    -1.7206    -1.6407 0.0000e+00
      8.845    -1.6449    -1.6451   0.071270   2.677761    389.499     2.6379    90.2767     0.4091     0.0419     4.2887    270.083  -69.97276    5.55774     0.7050    33.8033     0.7084    33.9672    -1.7202    -1.6409 0.0000e+00
      8.873    -1.6451    -1.6449   0.071283   2.677773    389.389     2.7320    90.2729     0.4093     0.0419     4.2885    270.125  -69.97276    5.55774     0.7051    33.8032     0.7086    33.9671    -1.7204    -1.6407 0.0000e+00
      8.901    -1.6451    -1.6451   0.071490   2.677761    389.284     2.8482    90.2707     0.4094     0.0424     4.2884    270.167  -69.97276    5.55774     0.7073    33.8033     0.7107    33.9671    -1.7204    -1.6409 0.0000e+00
      8.930    -1.6451    -1.6450   0.072112   2.677779    389.122     2.9692    90.2860     0.4087     0.0427     4.2891    270.208  -69.97276    5.55774     0.7137    33.8034     0.7172    33.9673    -1.7204    -1.6408 0.0000e+00
      8.959    -1.6451    -1.6451   0.072839   2.677779    388.944     3.0726    90.3521     0.4058     0.0427     4.2922    270.250  -69.97276    5.55774     0.7212    33.8035     0.7247    33.9674    -1.7203    -1.6409 0.0000e+00
      8.988    -1.6454    -1.6449   0.073354   2.677801    388.781     3.1510    90.4750     0.4004     0.0427     4.2980    270.292  -69.97276    5.55774     0.7266    33.8035     0.7301    33.9674    -1.7206    -1.6407 0.0000e+00
      9.016    -1.6453    -1.6451   0.073649   2.677790    388.688     3.2091    90.5840     0.3956     0.0427     4.3032    270.333  -69.97276    5.55774     0.7296    33.8036     0.7332    33.9675    -1.7205    -1.6409 0.0000e+00
      9.044    -1.6453    -1.6449   0.073789   2.677802    388.615     3.2529    90.6288     0.3936     0.0427     4.3053    270.375  -69.97276    5.55774     0.7311    33.8035     0.7346    33.9674    -1.7205    -1.6407 0.0000e+00
