tests/test_data/sbe_files/sbe911plus/troll_transect_22_23/003.cnv
* Sea-Bird SBE 9 Data File:
* FileName = C:\Documents and Settings\ctd\Desktop\TrollTransect_22_23\data\003.hex
* Software Version Seasave V 7.21b
* Temperature SN = 4771
* Conductivity SN = 3742
* Number of Bytes Per Scan = 48
* Number of Voltage Words = 5
* Number of Scans Averaged by the Deck Unit = 1
* NMEA Latitude = 69 58.37 S
* NMEA Longitude = 005 33.46 E
* NMEA UTC (Time) = Jan 23 2023  07:18:39
* NMEA baud rate = 4800
** Cruise: Troll Transect 22 23
** Ship: Silver Arctic
** Station (File Number):  003
** Latitude:
** Longitude:
** Echodepth (m):
** Seastate:
# nquan = 21                                
# nvalues = 79277                       
# units = specified
# name 0 = prDM: Pressure, Digiquartz [db]
# name 1 = t090C: Temperature [ITS-90, deg C]
# name 2 = t190C: Temperature, 2 [ITS-90, deg C]
# name 3 = c0S/m: Conductivity [S/m]
# name 4 = c1S/m: Conductivity, 2 [S/m]
# name 5 = sbox0Mm/Kg: Oxygen, SBE 43 [umol/kg]
# name 6 = flECO-AFL: Fluorescence, WET Labs ECO-AFL/FL [mg/m^3]
# name 7 = xmiss: Beam Transmission, Chelsea/Seatech [%]
# name 8 = bat: Beam Attenuation, Chelsea/Seatech [1/m]
# name 9 = v1: Voltage 1
# name 10 = v2: Voltage 2
# name 11 = timeS: Time, Elapsed [seconds]
# name 12 = latitude: Latitude [deg]
# name 13 = longitude: Longitude [deg]
# name 14 = sal00: Salinity, Practical [PSU]
# name 15 = sal11: Salinity, Practical, 2 [PSU]
# name 16 = gsw_saA0: Absolute Salinity [g/kg]
# name 17 = gsw_saA1: Absolute Salinity, 2 [g/kg]
# name 18 = gsw_ctA0: Conservative Temperature [ITS-90, deg C]
# name 19 = gsw_ctA1: Conservative Temperature, 2 [ITS-90, deg C]
# name 20 = flag: flag
# span 0 =     -0.096,   1149.201       
# span 1 =    -1.7617,     0.6580       
# span 2 =    -1.7608,     0.6610       
# span 3 =   0.006112,   2.965726       
# span 4 =  -0.000359,   2.965747       
# span 5 =    200.197,    843.930       
# span 6 =    -0.0350,    11.0604       
# span 7 =     0.7776,    96.3761       
# span 8 =     0.1476,    19.4825       
# span 9 =     0.0105,     0.0684       
# span 10 =     0.0518,     4.5774      
# span 11 =      0.000,   3303.167      
# span 12 =  -69.97282,  -69.97274      
# span 13 =    5.55770,    5.55780      
# span 14 =     0.0526,    34.6686      
# span 15 =    -0.0027,    34.9728      
# span 16 =     0.0000,    34.8409      
# span 17 =    -0.0027,    35.1425      
# span 18 =    -1.7638,     0.6303      
# span 19 =    -1.7631,     0.6333      
# span 20 = 0.0000e+00, 0.0000e+00      
# interval = seconds: 0.0416667
# start_time = Jan 23 2023 07:18:39 [NMEA time, first data scan]
# bad_flag = -9.990e-29
*END*
[from data line 621]
      0.767    -1.6403    -1.6396   2.678029   2.678063    389.991     3.2702    88.9266     0.4694     0.0403     4.2248    241.708  -69.97278    5.55772    33.8067    33.8064    33.9706    33.9703    -1.6360    -1.6353 -9.990e-29
      0.735    -1.6405    -1.6396   2.678022   2.678085    389.398     3.2443    88.8217     0.4742     0.0403     4.2198    241.750  -69.97278    5.55772    33.8068    33.8067    33.9708    33.9706    -1.6362    -1.6353 -9.990e-29
      0.704    -1.6406    -1.6394   2.677986   2.678074    388.717     3.2106    88.8130     0.4746     0.0403     4.2194    241.792  -69.97278    5.55772    33.8065    33.8063    33.9704    33.9703    -1.6363    -1.6351 -9.990e-29
      0.671    -1.6404    -1.6397   2.677992   2.678063    388.041     3.1718    88.8200     0.4742     0.0403     4.2197    241.833  -69.97278    5.55772    33.8063    33.8065    33.9703    33.9705    -1.6361    -1.6354 -9.990e-29
      0.638    -1.6405    -1.6393   2.677992   2.678064    387.420     3.1355    88.8213     0.4742     0.0403     4.2198    241.875  -69.97278    5.55772    33.8065    33.8061    33.9704    33.9701    -1.6362    -1.6350 -9.990e-29
      0.603    -1.6403    -1.6395   2.677958   2.678102    386.797     3.1067    88.8216     0.4742     0.0403     4.2198    241.917  -69.97278    5.55772    33.8058    33.8069    33.9698    33.9709    -1.6360    -1.6352 -9.990e-29
      0.568    -1.6404    -1.6394   2.677980   2.678091    386.195     3.0852    88.8216     0.4742     0.0403     4.2198    241.958  -69.97278    5.55772    33.8062    33.8066    33.9702    33.9706    -1.6361    -1.6351 -9.990e-29
      0.534    -1.6405    -1.6393   2.677975   2.678092    385.617     3.0691    88.8216     0.4742     0.0403     4.2198    242.000  -69.97278    5.55772    33.8063    33.8066    33.9703    33.9705    -1.6362    -1.6350 -9.990e-29
      0.499    -1.6404    -1.6394   2.677986   2.678113    384.988     3.0568    88.8216     0.4742     0.0403     4.2198    242.042  -69.97278    5.55772    33.8064    33.8070    33.9703    33.9710    -1.6361    -1.6351 -9.990e-29
      0.464    -1.6405    -1.6396   2.677974   2.678074    384.300     3.0471    88.8216     0.4742     0.0403     4.2198    242.083  -69.97278    5.55772    33.8063    33.8067    33.9703    33.9707    -1.6362    -1.6353 -9.990e-29
      0.429    -1.6403    -1.6395   2.677986   2.678085    383.597     3.0393    88.8216     0.4742     0.0403     4.2198    242.125  -69.97278    5.55772    33.8063    33.8068    33.9703    33.9707    -1.6360    -1.6352 -9.990e-29
      0.394    -1.6404    -1.6391   2.677998   2.678097    382.898     3.0330    88.8216     0.4742     0.0403     4.2198    242.167  -69.97278    5.55772    33.8066    33.8065    33.9706    33.9705    -1.6361    -1.6348 -9.990e-29
      0.358    -1.6400    -1.6396   2.677975   2.678108    382.239     3.0277    88.8216     0.4742     0.0403     4.2198    242.208  -69.97278    5.55772    33.8059    33.8072    33.9698    33.9712    -1.6357    -1.6353 -9.990e-29
      0.322    -1.6401    -1.6394   2.677993   2.678096    381.590     3.0230    88.8216     0.4742     0.0403     4.2198    242.250  -69.97278    5.55772    33.8062    33.8069    33.9702    33.9708    -1.6358    -1.6351 -9.990e-29
      0.288    -1.6398    -1.6396   2.677994   2.678096    380.917     3.0184    88.8218     0.4742     0.0403     4.2198    242.292  -69.97278    5.55772    33.8059    33.8071    33.9699    33.9711    -1.6355    -1.6353 -9.990e-29
      0.255    -1.6402    -1.6395   2.677975   2.678069    380.321     3.0137    88.8225     0.4742     0.0403     4.2198    242.333  -69.97278    5.55772    33.8061    33.8067    33.9701    33.9706    -1.6359    -1.6352 -9.990e-29
      0.224    -1.6402    -1.6396   2.677987   2.678063    379.778     3.0084    88.8266     0.4740     0.0403     4.2200    242.375  -69.97278    5.55772    33.8063    33.8067    33.9703    33.9707    -1.6359    -1.6353 -9.990e-29
      0.194    -1.6402    -1.6396   2.677958   2.678069    379.174     3.0021    88.8494     0.4729     0.0403     4.2211    242.417  -69.97278    5.55772    33.8059    33.8068    33.9699    33.9708    -1.6359    -1.6353 -9.990e-29
      0.166    -1.6401    -1.6396   2.677981   2.678063    378.549     2.9944    88.9755     0.4673     0.0403     4.2271    242.458  -69.97278    5.55772    33.8062    33.8067    33.9701    33.9707    -1.6358    -1.6353 -9.990e-29
      0.137    -1.6400    -1.6394   2.677999   2.678046    377.940     2.9847    89.2427     0.4553     0.0403     4.2397    242.500  -69.97278    5.55772    33.8063    33.8063    33.9703    33.9703    -1.6357    -1.6351 -9.990e-29
      0.111    -1.6402    -1.6396   2.677975   2.678080    377.278     2.9721    89.4930     0.4441     0.0403     4.2515    242.542  -69.97278    5.55772    33.8062    33.8070    33.9702    33.9710    -1.6359    -1.6353 -9.990e-29
      0.086    -1.6402    -1.6394   2.677993   2.678068    376.549     2.9557    89.6019     0.4392     0.0403     4.2567    242.583  -69.97278    5.55772    33.8065    33.8066    33.9705    33.9706    -1.6359    -1.6351 -9.990e-29
      0.064    -1.6402    -1.6391   2.677958   2.678086    375.796     2.9342    89.6147     0.4386     0.0403     4.2573    242.625  -69.97278    5.55772    33.8060    33.8066    33.9700    33.9705    -1.6359    -1.6348 -9.990e-29
      0.046    -1.6398    -1.6391   2.677929   2.677149    375.047     2.9059    89.6032     0.4392     0.0403     4.2567    242.667  -69.97278    5.55772    33.8052    33.7935    33.9691    33.9575    -1.6355    -1.6348 -9.990e-29
      0.030    -1.6398    -1.6390   2.677959   2.675370    374.346     2.8686    89.5968     0.4395     0.0403     4.2564    242.708  -69.97278    5.55772    33.8056    33.7687    33.9696    33.9325    -1.6355    -1.6346 -9.990e-29
      0.018    -1.6396    -1.6389   2.677935   2.434088    373.685     2.8192    89.5957     0.4395     0.0403     4.2564    242.750  -69.97278    5.55772    33.8051    30.4381    33.9690    30.5858    -1.6353    -1.6305 -9.990e-29
      0.007    -1.6392    -1.6393   2.677918   1.134627    373.023     2.7541    89.5954     0.4395     0.0403     4.2564    242.792  -69.97278    5.55772    33.8044    13.2848    33.9683    13.3492    -1.6349    -1.6539 -9.990e-29
     -0.001    -1.6393    -1.6393   2.677960   0.667253    372.318     2.6680    89.5954     0.4395     0.0403     4.2564    242.833  -69.97278    5.55772    33.8051     7.5074    33.9690     7.5438    -1.6350    -1.6781 -9.990e-29
     -0.007    -1.6394    -1.6398   2.677954   0.575835    371.563     2.5547    89.5954     0.4395     0.0403     4.2564    242.875  -69.97278    5.55772    33.8051     6.4120    33.9691     6.4431    -1.6351    -1.6840 -9.990e-29
     -0.011    -1.6394    -1.6416   2.677966   0.540393    370.834     2.4201    89.5954     0.4395     0.0403     4.2564    242.917  -69.97278    5.55772    33.8053     5.9913    33.9692     6.0204    -1.6351    -1.6881 -9.990e-29
     -0.013    -1.6393    -1.6441   2.677954   0.495703    370.214     2.2893    89.5954     0.4395     0.0403     4.2564    242.958  -69.97278    5.55772    33.8050     5.4641    33.9690     5.4906    -1.6350    -1.6934 -9.990e-29
     -0.015    -1.6391    -1.6475   2.677966   0.411965    370.023     2.1834    89.5954     0.4395     0.0403     4.2564    243.000  -69.97278    5.55772    33.8049     4.4861    33.9689     4.5079    -1.6348    -1.7022 -9.990e-29
     -0.016    -1.6390    -1.6510   2.677972   0.416307    372.165     2.1044    89.5952     0.4395     0.0403     4.2564    243.042  -69.97278    5.55772    33.8049     4.5370    33.9689     4.5590    -1.6347    -1.7056 -9.990e-29
     -0.016    -1.6394    -1.6556   2.514784   0.430557    381.273     2.0455    89.5945     0.4395     0.0403     4.2564    243.083  -69.97278    5.55772    31.5478     4.7034    31.7008     4.7262    -1.6320    -1.7096 -9.990e-29
     -0.015    -1.6393    -1.6603   1.940816   0.483122    399.933     2.0009    89.5905     0.4397     0.0403     4.2562    243.125  -69.97278    5.55772    23.7657     5.3191    23.8810     5.3449    -1.6310    -1.7112 -9.990e-29
     -0.014    -1.6400    -1.6640   1.221608   0.534432    421.891     1.9666    89.5685     0.4408     0.0404     4.2551    243.167  -69.97278    5.55772    14.3876     5.9252    14.4574     5.9540    -1.6509    -1.7119 -9.990e-29
     -0.013    -1.6405    -1.6670   0.841156   0.567645    437.699     1.9400    89.4460     0.4469     0.0406     4.2493    243.208  -69.97278    5.55772     9.6258     6.3203     9.6725     6.3510    -1.6696    -1.7130 -9.990e-29
     -0.011    -1.6415    -1.6686   0.714610   0.593163    445.335     1.9191    88.7668     0.4808     0.0409     4.2172    243.250  -69.97278    5.55772     8.0806     6.6251     8.1198     6.6572    -1.6776    -1.7131 -9.990e-29
     -0.012    -1.6422    -1.6687   0.637043   0.612390    448.218     1.9024    85.0004     0.6686     0.0409     4.0389    243.292  -69.97278    5.55772     7.1446     6.8552     7.1793     6.8884    -1.6829    -1.7120 -9.990e-29
     -0.013    -1.6432    -1.6681   0.616871   0.613286    449.112     1.8885    76.1740     1.1283     0.0408     3.6211    243.333  -69.97278    5.55772     6.9029     6.8658     6.9364     6.8991    -1.6851    -1.7114 -9.990e-29
     -0.013    -1.6437    -1.6668   0.577151   0.605946    449.573     1.8766    66.5920     1.6566     0.0405     3.1674    243.375  -69.97278    5.55772     6.4285     6.7776     6.4597     6.8104    -1.6880    -1.7104 -9.990e-29
     -0.014    -1.6442    -1.6641   0.539095   0.592054    450.298     1.8654    61.5875     1.9477     0.0400     2.9305    243.417  -69.97278    5.55772     5.9765     6.6108     6.0055     6.6429    -1.6909    -1.7085 -9.990e-29
     -0.016    -1.6440    -1.6617   0.486109   0.576691    451.355     1.8543    60.5811     2.0066     0.0395     2.8829    243.458  -69.97278    5.55772     5.3512     6.4270     5.3772     6.4581    -1.6939    -1.7069 -9.990e-29
     -0.019    -1.6442    -1.6599   0.417499   0.562749    452.396     1.8424    60.7599     1.9933     0.0395     2.8914    243.500  -69.97278    5.55772     4.5498     6.2606     4.5719     6.2909    -1.6984    -1.7059 -9.990e-29
     -0.021    -1.6439    -1.6585   0.368888   0.553136    452.326     1.8290    60.9164     1.9827     0.0400     2.8988    243.542  -69.97278    5.55772     3.9880     6.1460     4.0074     6.1758    -1.7012    -1.7050 -9.990e-29
     -0.024    -1.6433    -1.6568   0.413415   0.546984    450.322     1.8128    60.9370     1.9813     0.0403     2.8998    243.583  -69.97278    5.55772     4.5023     6.0726     4.5241     6.1020    -1.6978    -1.7036 -9.990e-29
     -0.028    -1.6422    -1.6556   0.474182   0.545813    446.712     1.7927    60.9226     1.9823     0.0407     2.8991    243.625  -69.97278    5.55772     5.2109     6.0585     5.2362     6.0878    -1.6928    -1.7024 -9.990e-29
     -0.031    -1.6413    -1.6542   0.507488   0.544412    439.911     1.7669    60.9157     1.9827     0.0412     2.8987    243.667  -69.97278    5.55772     5.6023     6.0415     5.6295     6.0708    -1.6898    -1.7010 -9.990e-29
     -0.034    -1.6400    -1.6527   0.835769   0.537686    426.652     1.7333    60.9145     1.9828     0.0415     2.8987    243.708  -69.97278    5.55772     9.5594     5.9615     9.6058     5.9904    -1.6693    -1.6999 -9.990e-29
     -0.035    -1.6392    -1.6515   1.379023   0.527553    409.652     1.6893    60.9144     1.9828     0.0415     2.8987    243.750  -69.97278    5.55772    16.4011     5.8413    16.4806     5.8696    -1.6441    -1.6992 -9.990e-29
     -0.037    -1.6380    -1.6499   1.673950   0.513792    396.068     1.6316    60.9153     1.9827     0.0415     2.8988    243.792  -69.97278    5.55772    20.2336     5.6784    20.3318     5.7059    -1.6343    -1.6984 -9.990e-29
     -0.039    -1.6373    -1.6490   1.765232   0.499144    386.640     1.5557    60.9205     1.9824     0.0414     2.8990    243.833  -69.97278    5.55772    21.4345     5.5055    21.5384     5.5322    -1.6317    -1.6984 -9.990e-29
     -0.043    -1.6362    -1.6478   2.078431   0.485643    379.992     1.4557    60.9249     1.9821     0.0411     2.8992    243.875  -69.97278    5.55772    25.6060     5.3464    25.7302     5.3724    -1.6267    -1.6979 -9.990e-29
     -0.046    -1.6352    -1.6462   2.027580   0.472055    380.151     1.3235    60.9210     1.9824     0.0406     2.8990    243.917  -69.97278    5.55772    24.9225     5.1867    25.0434     5.2118    -1.6261    -1.6971 -9.990e-29
     -0.046    -1.6343    -1.6454   1.729394   0.459168    388.498     1.1488    60.9184     1.9826     0.0403     2.8989    243.958  -69.97278    5.55772    20.9599     5.0356    21.0615     5.0601    -1.6294    -1.6971 -9.990e-29
     -0.048    -1.6336    -1.6438   1.296663   0.446500    399.748     0.9366    60.9072     1.9834     0.0398     2.8984    244.000  -69.97278    5.55772    15.3416     4.8873    15.4160     4.9110    -1.6414    -1.6962 -9.990e-29
     -0.051    -1.6326    -1.6429   1.079695   0.433225    408.038     0.7242    60.8218     1.9898     0.0387     2.8943    244.042  -69.97278    5.55772    12.5897     4.7325    12.6507     4.7554    -1.6495    -1.6961 -9.990e-29
     -0.055    -1.6315    -1.6415   1.000251   0.420053    412.485     0.5488    60.3678     2.0237     0.0373     2.8728    244.083  -69.97276    5.55772    11.5940     4.5791    11.6503     4.6013    -1.6521    -1.6954 -9.990e-29
     -0.058    -1.6315    -1.6403   0.896020   0.407439    415.251     0.4174    57.8778     2.2099     0.0372     2.7549    244.125  -69.97276    5.55772    10.2992     4.4325    10.3492     4.4540    -1.6573    -1.6950 -9.990e-29
     -0.059    -1.6311    -1.6393   0.831688   0.395348    417.104     0.3204    51.1862     2.7433     0.0395     2.4381    244.167  -69.97276    5.55772     9.5064     4.2925     9.5525     4.3133    -1.6603    -1.6947 -9.990e-29
     -0.058    -1.6307    -1.6384   0.783017   0.383841    418.384     0.2478    42.6287     3.4772     0.0434     2.0330    244.208  -69.97276    5.55772     8.9101     4.1595     8.9533     4.1796    -1.6625    -1.6945 -9.990e-29
     -0.057    -1.6301    -1.6371   0.727401   0.372808    419.804     0.1930    37.3430     3.9634     0.0475     1.7828    244.250  -69.97276    5.55772     8.2326     4.0322     8.2726     4.0518    -1.6650    -1.6938 -9.990e-29
     -0.057    -1.6294    -1.6364   0.656484   0.362251    421.583     0.1514    35.9844     4.0934     0.0501     1.7185    244.292  -69.97276    5.55772     7.3752     3.9108     7.4110     3.9297    -1.6684    -1.6937 -9.990e-29
     -0.054    -1.6286    -1.6351   0.566024   0.351506    423.382     0.1200    36.0616     4.0808     0.0507     1.7221    244.333  -69.97276    5.55772     6.2928     3.7874     6.3233     3.8057    -1.6729    -1.6931 -9.990e-29
     -0.049    -1.6282    -1.6341   0.496124   0.340777    424.566     0.0964    36.2291     4.0614     0.0504     1.7301    244.375  -69.97276    5.55772     5.4661     3.6645     5.4926     3.6823    -1.6768    -1.6927 -9.990e-29
     -0.044    -1.6272    -1.6332   0.468562   0.329849    424.979     0.0786    36.2698     4.0568     0.0501     1.7320    244.417  -69.97276    5.55772     5.1424     3.5397     5.1674     3.5568    -1.6774    -1.6924 -9.990e-29
     -0.039    -1.6261    -1.6321   0.444429   0.320019    425.130     0.0651    36.2634     4.0574     0.0501     1.7317    244.458  -69.97276    5.55772     4.8603     3.4276     4.8838     3.4442    -1.6778    -1.6919 -9.990e-29
     -0.034    -1.6254    -1.6310   0.413913   0.311303    425.347     0.0548    36.2579     4.0581     0.0501     1.7314    244.500  -69.97276    5.55772     4.5053     3.3284     4.5272     3.3446    -1.6789    -1.6913 -9.990e-29
