tests/test_data/sbe_files/sbe911plus/troll_transect_22_23/003.cnv
* Sea-Bird SBE 9 Data File:
* FileName = C:\Documents and Settings\ctd\Desktop\TrollTransect_22_23\data\003.hex
* Software Version Seasave V 7.21b
* Temperature SN = 4771
* Conductivity SN = 3742
* Number of Bytes Per Scan = 48
* Number of Voltage Words = 5
* Number of Scans Averaged by the Deck Unit = 1
* NMEA Latitude = 69 58.37 S
* NMEA Longitude = 005 33.46 E
* NMEA UTC (Time) = Jan 23 2023  07:18:39
* NMEA baud rate = 4800
** Cruise: Troll Transect 22 23
** Ship: Silver Arctic
** Station (File Number):  003
** Latitude:
** Longitude:
** Echodepth (m):
** Seastate:
# nquan = 21                                
# nvalues = 79277                       
# units = specified
# name 0 = prDM: Pressure, Digiquartz [db]
# name 1 = t090C: Temperature [ITS-90, deg C]
# name 2 = t190C: Temperature, 2 [ITS-90, deg C]
# name 3 = c0S/m: Conductivity [S/m]
# name 4 = c1S/m: Conductivity, 2 [S/m]
# name 5 = sbox0Mm/Kg: Oxygen, SBE 43 [umol/kg]
# name 6 = flECO-AFL: Fluorescence, WET Labs ECO-AFL/FL [mg/m^3]
# name 7 = xmiss: Beam Transmission, Chelsea/Seatech [%]
# name 8 = bat: Beam Attenuation, Chelsea/Seatech [1/m]
# name 9 = v1: Voltage 1
# name 10 = v2: Voltage 2
# name 11 = timeS: Time, Elapsed [seconds]
# name 12 = latitude: Latitude [deg]
# name 13 = longitude: Longitude [deg]
# name 14 = sal00: Salinity, Practical [PSU]
# name 15 = sal11: Salinity, Practical, 2 [PSU]
# name 16 = gsw_saA0: Absolute Salinity [g/kg]
# name 17 = gsw_saA1: Absolute Salinity, 2 [g/kg]
# name 18 = gsw_ctA0: Conservative Temperature [ITS-90, deg C]
# name 19 = gsw_ctA1: Conservative Temperature, 2 [ITS-90, deg C]
# name 20 = flag: flag
# span 0 =     -0.096,   1149.201       
# span 1 =    -1.7617,     0.6580       
# span 2 =    -1.7608,     0.6610       
# span 3 =   0.006112,   2.965726       
# span 4 =  -0.000359,   2.965747       
# span 5 =    200.197,    843.930       
# span 6 =    -0.0350,    11.0604       
# span 7 =     0.7776,    96.3761       
# span 8 =     0.1476,    19.4825       
# span 9 =     0.0105,     0.0684       
# span 10 =     0.0518,     4.5774      
# span 11 =      0.000,   3303.167      
# span 12 =  -69.97282,  -69.97274      
# span 13 =    5.55770,    5.55780      
# span 14 =     0.0526,    34.6686      
# span 15 =    -0.0027,    34.9728      
# span 16 =     0.0000,    34.8409      
# span 17 =    -0.0027,    35.1425      
# span 18 =    -1.7638,     0.6303      
# span 19 =    -1.7631,     0.6333      
# span 20 = 0.0000e+00, 0.0000e+00      
# interval = seconds: 0.0416667
# start_time = Jan 23 2023 07:18:39 [NMEA time, first data scan]
# bad_flag = -9.990e-29
*END*
[from data line 2897]
     49.230    -1.6277    -1.6286   2.681476   2.681562    299.772     4.9502    91.1687     0.3698     0.0415     4.3309    336.542  -69.97276 -9.990e-29    33.8095    33.8117    33.9736    33.9758    -1.6243    -1.6252 0.0000e+00
     49.264    -1.6277    -1.6284   2.681494   2.681557    299.893     4.9533    91.1687     0.3698     0.0415     4.3309    336.583  -69.97276 -9.990e-29    33.8097    33.8114    33.9738    33.9755    -1.6243    -1.6250 0.0000e+00
     49.298    -1.6278    -1.6286   2.681511   2.681573    299.963     4.9573    91.1686     0.3698     0.0415     4.3309    336.625  -69.97276 -9.990e-29    33.8100    33.8118    33.9741    33.9759    -1.6244    -1.6252 0.0000e+00
     49.332    -1.6280    -1.6286   2.681516   2.681601    300.028     4.9627    91.1681     0.3698     0.0415     4.3309    336.667  -69.97276 -9.990e-29    33.8103    33.8121    33.9744    33.9763    -1.6246    -1.6252 0.0000e+00
     49.367    -1.6284    -1.6286   2.681474   2.681590    300.117     4.9695    91.1655     0.3699     0.0415     4.3307    336.708  -69.97276 -9.990e-29    33.8101    33.8120    33.9743    33.9761    -1.6250    -1.6252 0.0000e+00
     49.402    -1.6287    -1.6282   2.681514   2.681563    300.199     4.9768    91.1508     0.3706     0.0415     4.3301    336.750  -69.97276 -9.990e-29    33.8110    33.8111    33.9752    33.9753    -1.6253    -1.6248 0.0000e+00
     49.437    -1.6289    -1.6284   2.681544   2.681590    300.269     4.9832    91.0932     0.3732     0.0415     4.3273    336.792  -69.97276 -9.990e-29    33.8116    33.8117    33.9758    33.9758    -1.6255    -1.6250 0.0000e+00
     49.472    -1.6289    -1.6284   2.681538   2.681568    300.288     4.9880    90.9942     0.3775     0.0415     4.3227    336.833  -69.97276 -9.990e-29    33.8115    33.8114    33.9757    33.9755    -1.6255    -1.6250 0.0000e+00
     49.508    -1.6289    -1.6283   2.681543   2.681591    300.224     4.9915    90.9177     0.3809     0.0416     4.3191    336.875  -69.97276 -9.990e-29    33.8116    33.8116    33.9757    33.9757    -1.6255    -1.6249 0.0000e+00
     49.543    -1.6287    -1.6281   2.681538   2.681608    300.142     4.9940    90.8909     0.3820     0.0418     4.3178    336.917  -69.97276 -9.990e-29    33.8113    33.8115    33.9754    33.9757    -1.6253    -1.6247 0.0000e+00
     49.579    -1.6288    -1.6281   2.681573   2.681625    300.125     4.9958    90.8861     0.3823     0.0420     4.3175    336.958  -69.97276 -9.990e-29    33.8118    33.8118    33.9760    33.9759    -1.6254    -1.6247 0.0000e+00
     49.616    -1.6286    -1.6282   2.681597   2.681614    300.152     4.9969    90.8852     0.3823     0.0418     4.3175    337.000  -69.97276 -9.990e-29    33.8119    33.8117    33.9761    33.9758    -1.6252    -1.6248 0.0000e+00
     49.652    -1.6287    -1.6283   2.681591   2.681625    300.157     4.9974    90.8850     0.3823     0.0415     4.3175    337.042  -69.97276 -9.990e-29    33.8119    33.8119    33.9761    33.9761    -1.6253    -1.6249 0.0000e+00
     49.689    -1.6283    -1.6283   2.681598   2.681614    300.174     4.9971    90.8850     0.3823     0.0415     4.3175    337.083  -69.97276 -9.990e-29    33.8115    33.8118    33.9757    33.9759    -1.6249    -1.6249 0.0000e+00
     49.726    -1.6281    -1.6283   2.681610   2.681624    300.222     4.9962    90.8850     0.3823     0.0415     4.3175    337.125  -69.97276 -9.990e-29    33.8115    33.8119    33.9756    33.9760    -1.6247    -1.6249 0.0000e+00
     49.763    -1.6280    -1.6281   2.681616   2.681636    300.181     4.9945    90.8850     0.3823     0.0415     4.3175    337.167  -69.97276 -9.990e-29    33.8114    33.8118    33.9756    33.9759    -1.6246    -1.6247 0.0000e+00
     49.801    -1.6280    -1.6282   2.681663   2.681653    300.071     4.9918    90.8850     0.3823     0.0415     4.3175    337.208  -69.97276 -9.990e-29    33.8120    33.8121    33.9762    33.9763    -1.6246    -1.6248 0.0000e+00
     49.838    -1.6282    -1.6281   2.681651   2.681641    300.024     4.9881    90.8850     0.3823     0.0415     4.3175    337.250  -69.97276 -9.990e-29    33.8121    33.8118    33.9762    33.9760    -1.6248    -1.6247 0.0000e+00
     49.876    -1.6281    -1.6283   2.681645   2.681652    300.033     4.9829    90.8850     0.3823     0.0415     4.3175    337.292  -69.97276 -9.990e-29    33.8118    33.8122    33.9760    33.9763    -1.6247    -1.6249 0.0000e+00
     49.914    -1.6283    -1.6279   2.681662   2.681642    300.050     4.9760    90.8850     0.3823     0.0415     4.3175    337.333  -69.97276 -9.990e-29    33.8123    33.8116    33.9764    33.9757    -1.6249    -1.6245 0.0000e+00
     49.953    -1.6278    -1.6279   2.681669   2.681653    300.066     4.9666    90.8850     0.3823     0.0415     4.3175    337.375  -69.97276 -9.990e-29    33.8118    33.8117    33.9759    33.9758    -1.6244    -1.6245 0.0000e+00
     49.992    -1.6277    -1.6281   2.681676   2.681658    300.048     4.9542    90.8850     0.3823     0.0415     4.3175    337.417  -69.97276 -9.990e-29    33.8117    33.8120    33.9759    33.9761    -1.6243    -1.6247 0.0000e+00
     50.031    -1.6278    -1.6278   2.681728   2.681659    299.946     4.9377    90.8851     0.3823     0.0415     4.3175    337.458  -69.97276 -9.990e-29    33.8126    33.8116    33.9767    33.9758    -1.6244    -1.6244 0.0000e+00
     50.070    -1.6277    -1.6279   2.681705   2.681675    299.822     4.9158    90.8855     0.3823     0.0415     4.3175    337.500  -69.97276 -9.990e-29    33.8121    33.8119    33.9763    33.9761    -1.6243    -1.6245 0.0000e+00
     50.110    -1.6274    -1.6278   2.681699   2.681704    299.730     4.8869    90.8875     0.3822     0.0415     4.3176    337.542  -69.97276 -9.990e-29    33.8117    33.8122    33.9758    33.9763    -1.6240    -1.6244 0.0000e+00
     50.150    -1.6275    -1.6278   2.681717   2.681715    299.653     4.8485    90.8989     0.3817     0.0415     4.3182    337.583  -69.97276 -9.990e-29    33.8120    33.8123    33.9761    33.9765    -1.6241    -1.6244 0.0000e+00
     50.191    -1.6274    -1.6278   2.681746   2.681693    299.617     4.7978    90.9620     0.3789     0.0415     4.3211    337.625  -69.97276 -9.990e-29    33.8123    33.8120    33.9764    33.9761    -1.6240    -1.6244 0.0000e+00
     50.230    -1.6272    -1.6275   2.681747   2.681704    299.592     4.7306    91.0955     0.3731     0.0415     4.3274    337.667  -69.97276 -9.990e-29    33.8120    33.8118    33.9762    33.9759    -1.6238    -1.6241 0.0000e+00
     50.270    -1.6272    -1.6276   2.681764   2.681732    299.542     4.6418    91.2202     0.3676     0.0415     4.3333    337.708  -69.97276 -9.990e-29    33.8122    33.8122    33.9764    33.9764    -1.6238    -1.6242 0.0000e+00
     50.310    -1.6274    -1.6278   2.681776   2.681736    299.492     4.5244    91.2720     0.3653     0.0415     4.3358    337.750  -69.97276 -9.990e-29    33.8126    33.8125    33.9768    33.9767    -1.6240    -1.6244 0.0000e+00
     50.349    -1.6274    -1.6276   2.681793   2.681737    299.489     4.3734    91.2763     0.3651     0.0415     4.3360    337.792  -69.97276 -9.990e-29    33.8128    33.8123    33.9770    33.9764    -1.6240    -1.6242 0.0000e+00
     50.390    -1.6274    -1.6276   2.681805   2.681721    299.533     4.2032    91.2729     0.3652     0.0415     4.3359    337.833  -69.97276 -9.990e-29    33.8129    33.8120    33.9771    33.9762    -1.6240    -1.6242 0.0000e+00
     50.432    -1.6272    -1.6274   2.681817   2.681749    299.552     4.0470    91.2732     0.3652     0.0415     4.3359    337.875  -69.97276 -9.990e-29    33.8129    33.8121    33.9770    33.9763    -1.6238    -1.6240 0.0000e+00
     50.474    -1.6272    -1.6275   2.681782   2.681743    299.534     3.9251    91.2782     0.3650     0.0415     4.3361    337.917  -69.97276 -9.990e-29    33.8123    33.8121    33.9765    33.9763    -1.6238    -1.6241 0.0000e+00
     50.516    -1.6275    -1.6276   2.681798   2.681754    299.514     3.8349    91.2825     0.3648     0.0415     4.3363    337.958  -69.97276 -9.990e-29    33.8129    33.8124    33.9770    33.9765    -1.6241    -1.6242 0.0000e+00
     50.557    -1.6276    -1.6275   2.681816   2.681765    299.524     3.7680    91.2784     0.3650     0.0415     4.3361    338.000  -69.97276 -9.990e-29    33.8132    33.8124    33.9774    33.9766    -1.6242    -1.6241 0.0000e+00
     50.599    -1.6274    -1.6275   2.681846   2.681765    299.534     3.7174    91.2742     0.3652     0.0415     4.3359    338.042  -69.97276 -9.990e-29    33.8134    33.8124    33.9776    33.9765    -1.6240    -1.6241 0.0000e+00
     50.641    -1.6276    -1.6275   2.681828   2.681765    299.518     3.6792    91.2783     0.3650     0.0414     4.3361    338.083  -69.97276 -9.990e-29    33.8133    33.8123    33.9775    33.9765    -1.6242    -1.6241 0.0000e+00
     50.683    -1.6274    -1.6274   2.681840   2.681799    299.496     3.6504    91.2825     0.3648     0.0411     4.3363    338.125  -69.97276 -9.990e-29    33.8132    33.8127    33.9774    33.9768    -1.6240    -1.6240 0.0000e+00
     50.726    -1.6274    -1.6275   2.681875   2.681793    299.427     3.6287    91.2782     0.3650     0.0406     4.3361    338.167  -69.97276 -9.990e-29    33.8137    33.8127    33.9779    33.9768    -1.6240    -1.6241 0.0000e+00
     50.770    -1.6274    -1.6276   2.681875   2.681788    299.320     3.6128    91.2730     0.3653     0.0403     4.3358    338.208  -69.97276 -9.990e-29    33.8137    33.8127    33.9778    33.9769    -1.6240    -1.6242 0.0000e+00
     50.815    -1.6274    -1.6274   2.681840   2.681805    299.282     3.6011    91.2721     0.3653     0.0403     4.3358    338.250  -69.97276 -9.990e-29    33.8132    33.8127    33.9773    33.9768    -1.6240    -1.6240 0.0000e+00
     50.858    -1.6274    -1.6275   2.681881   2.681832    299.317     3.5927    91.2718     0.3653     0.0403     4.3358    338.292  -69.97276 -9.990e-29    33.8137    33.8131    33.9779    33.9773    -1.6240    -1.6241 0.0000e+00
     50.901    -1.6270    -1.6275   2.681900   2.681799    299.328     3.5866    91.2713     0.3653     0.0403     4.3358    338.333  -69.97276 -9.990e-29    33.8135    33.8127    33.9777    33.9768    -1.6236    -1.6241 0.0000e+00
     50.945    -1.6270    -1.6274   2.681923   2.681844    299.297     3.5825    91.2684     0.3655     0.0403     4.3356    338.375  -69.97276 -9.990e-29    33.8138    33.8131    33.9780    33.9773    -1.6236    -1.6240 0.0000e+00
     50.989    -1.6270    -1.6275   2.681906   2.681849    299.258     3.5803    91.2526     0.3662     0.0403     4.3349    338.417  -69.97276 -9.990e-29    33.8135    33.8133    33.9777    33.9775    -1.6236    -1.6241 0.0000e+00
     51.034    -1.6269    -1.6275   2.681906   2.681821    299.228     3.5795    91.1650     0.3700     0.0403     4.3307    338.458  -69.97276 -9.990e-29    33.8134    33.8129    33.9775    33.9770    -1.6235    -1.6241 0.0000e+00
     51.079    -1.6268    -1.6275   2.681941   2.681849    299.200     3.5803    90.9673     0.3787     0.0403     4.3214    338.500  -69.97276 -9.990e-29    33.8137    33.8132    33.9779    33.9774    -1.6234    -1.6241 0.0000e+00
     51.125    -1.6266    -1.6276   2.681913   2.681866    299.159     3.5827    90.7637     0.3877     0.0403     4.3117    338.542  -69.97276 -9.990e-29    33.8131    33.8136    33.9772    33.9777    -1.6232    -1.6242 0.0000e+00
     51.172    -1.6261    -1.6276   2.681925   2.681866    299.083     3.5868    90.6604     0.3923     0.0403     4.3069    338.583  -69.97276 -9.990e-29    33.8126    33.8135    33.9768    33.9777    -1.6227    -1.6242 0.0000e+00
     51.218    -1.6263    -1.6276   2.681948   2.681849    299.021     3.5929    90.6331     0.3934     0.0403     4.3056    338.625  -69.97276 -9.990e-29    33.8132    33.8133    33.9773    33.9774    -1.6229    -1.6242 0.0000e+00
     51.263    -1.6258    -1.6275   2.681973   2.681844    299.036     3.6014    90.6282     0.3937     0.0403     4.3053    338.667  -69.97276 -9.990e-29    33.8129    33.8130    33.9771    33.9772    -1.6224    -1.6241 0.0000e+00
     51.308    -1.6258    -1.6279   2.681967   2.681876    299.067     3.6133    90.6273     0.3937     0.0403     4.3053    338.708  -69.97276 -9.990e-29    33.8128    33.8139    33.9770    33.9781    -1.6224    -1.6245 0.0000e+00
     51.354    -1.6253    -1.6279   2.681997   2.681871    299.076     3.6294    90.6271     0.3937     0.0403     4.3053    338.750  -69.97276 -9.990e-29    33.8126    33.8138    33.9768    33.9780    -1.6219    -1.6245 0.0000e+00
     51.401    -1.6246    -1.6278   2.681993   2.681882    299.089     3.6512    90.6271     0.3937     0.0403     4.3053    338.792  -69.97276 -9.990e-29    33.8117    33.8138    33.9759    33.9780    -1.6212    -1.6244 0.0000e+00
     51.450    -1.6243    -1.6278   2.682024   2.681926    299.112     3.6805    90.6271     0.3937     0.0403     4.3053    338.833  -69.97276 -9.990e-29    33.8118    33.8144    33.9760    33.9786    -1.6209    -1.6244 0.0000e+00
     51.499    -1.6238    -1.6279   2.682019   2.681943    299.129     3.7191    90.6271     0.3937     0.0403     4.3053    338.875  -69.97276 -9.990e-29    33.8111    33.8147    33.9753    33.9789    -1.6204    -1.6245 0.0000e+00
     51.548    -1.6232    -1.6278   2.682021   2.681943    299.089     3.7643    90.6271     0.3937     0.0403     4.3053    338.917  -69.97276 -9.990e-29    33.8104    33.8146    33.9746    33.9788    -1.6198    -1.6245 0.0000e+00
     51.595    -1.6228    -1.6278   2.682015   2.681943    299.032     3.8072    90.6271     0.3937     0.0403     4.3053    338.958  -69.97276 -9.990e-29    33.8099    33.8146    33.9740    33.9787    -1.6194    -1.6245 0.0000e+00
     51.644    -1.6226    -1.6279   2.682057   2.681960    299.051     3.8416    90.6271     0.3937     0.0404     4.3053    339.000  -69.97276 -9.990e-29    33.8102    33.8149    33.9743    33.9791    -1.6192    -1.6246 0.0000e+00
     51.694    -1.6222    -1.6281   2.682064   2.681965    299.088     3.8673    90.6271     0.3937     0.0406     4.3053    339.042  -69.97276 -9.990e-29    33.8098    33.8151    33.9740    33.9793    -1.6188    -1.6248 0.0000e+00
     51.742    -1.6220    -1.6281   2.682046   2.681981    299.056     3.8863    90.6271     0.3937     0.0409     4.3053    339.083  -69.97276 -9.990e-29    33.8093    33.8153    33.9734    33.9795    -1.6186    -1.6248 0.0000e+00
     51.791    -1.6217    -1.6281   2.682065   2.681993    299.015     3.9007    90.6271     0.3937     0.0409     4.3053    339.125  -69.97276 -9.990e-29    33.8092    33.8155    33.9733    33.9797    -1.6183    -1.6248 0.0000e+00
     51.839    -1.6217    -1.6279   2.682089   2.681971    299.008     3.9118    90.6270     0.3937     0.0409     4.3053    339.167  -69.97276 -9.990e-29    33.8095    33.8149    33.9736    33.9791    -1.6183    -1.6246 0.0000e+00
     51.887    -1.6213    -1.6281   2.682071   2.682004    298.961     3.9203    90.6268     0.3937     0.0407     4.3053    339.208  -69.97276 -9.990e-29    33.8087    33.8156    33.9729    33.9797    -1.6179    -1.6248 0.0000e+00
     51.935    -1.6212    -1.6279   2.682096   2.681977    298.894     3.9269    90.6255     0.3938     0.0407     4.3052    339.250  -69.97276 -9.990e-29    33.8089    33.8149    33.9731    33.9791    -1.6178    -1.6246 0.0000e+00
     51.983    -1.6206    -1.6281   2.682097   2.682021    298.857     3.9323    90.6181     0.3941     0.0412     4.3049    339.292  -69.97276 -9.990e-29    33.8082    33.8157    33.9724    33.9799    -1.6172    -1.6248 0.0000e+00
     52.031    -1.6203    -1.6281   2.682121   2.682004    298.802     3.9367    90.6013     0.3948     0.0414     4.3040    339.333  -69.97276 -9.990e-29    33.8082    33.8155    33.9724    33.9797    -1.6169    -1.6248 0.0000e+00
