tests/test_data/sbe_files/sbe911plus/troll_transect_22_23/004.cnv
* Sea-Bird SBE 9 Data File:
* FileName = C:\Documents and Settings\ctd\Desktop\TrollTransect_22_23\data\004.hex
* Software Version Seasave V 7.21b
* Temperature SN = 4771
* Conductivity SN = 3742
* Number of Bytes Per Scan = 48
* Number of Voltage Words = 5
* Number of Scans Averaged by the Deck Unit = 1
* NMEA Latitude = 69 58.98 S
* NMEA Longitude = 005 31.69 E
* NMEA UTC (Time) = Jan 23 2023  13:39:46
* NMEA baud rate = 4800
** Cruise: Troll Transect 22 23
** Ship: Silver Arctic
** Station (File Number):  003
** Latitude:
** Longitude:
** Echodepth (m):
** Seastate:
# nquan = 21                                
# nvalues = 75737                       
# units = specified
# name 0 = prDM: Pressure, Digiquartz [db]
# name 1 = t090C: Temperature [ITS-90, deg C]
# name 2 = t190C: Temperature, 2 [ITS-90, deg C]
# name 3 = c0S/m: Conductivity [S/m]
# name 4 = c1S/m: Conductivity, 2 [S/m]
# name 5 = sbox0Mm/Kg: Oxygen, SBE 43 [umol/kg]
# name 6 = flECO-AFL: Fluorescence, WET Labs ECO-AFL/FL [mg/m^3]
# name 7 = xmiss: Beam Transmission, Chelsea/Seatech [%]
# name 8 = bat: Beam Attenuation, Chelsea/Seatech [1/m]
# name 9 = v1: Voltage 1
# name 10 = v2: Voltage 2
# name 11 = timeS: Time, Elapsed [seconds]
# name 12 = latitude: Latitude [deg]
# name 13 = longitude: Longitude [deg]
# name 14 = sal00: Salinity, Practical [PSU]
# name 15 = sal11: Salinity, Practical, 2 [PSU]
# name 16 = gsw_saA0: Absolute Salinity [g/kg]
# name 17 = gsw_saA1: Absolute Salinity, 2 [g/kg]
# name 18 = gsw_ctA0: Conservative Temperature [ITS-90, deg C]
# name 19 = gsw_ctA1: Conservative Temperature, 2 [ITS-90, deg C]
# name 20 = flag: flag
# span 0 =     -0.043,    848.794       
# span 1 =    -1.7571,     5.5815       
# span 2 =    -1.7561,     5.1852       
# span 3 =   0.001917,   2.959621       
# span 4 =  -0.169659,   2.959704       
# span 5 =    187.315,    602.437       
# span 6 =    -0.0083,    12.0485       
# span 7 =     6.6994,    98.8655       
# span 8 =     0.0456,    11.4555       
# span 9 =     0.0097,     0.0994       
# span 10 =     0.3321,     4.6952      
# span 11 =      0.000,   3155.667      
# span 12 =  -69.98308,  -69.97974      
# span 13 =    5.50728,    5.52822      
# span 14 =     0.0136,    36.2388      
# span 15 =    -0.0018,    35.2878      
# span 16 =     0.0000,    36.4145      
# span 17 =    -0.0018,    35.4589      
# span 18 =    -1.7602,     5.9027      
# span 19 =    -1.7591,     5.4858      
# span 20 = 0.0000e+00, 0.0000e+00      
# interval = seconds: 0.0416667
# start_time = Jan 23 2023 13:39:47 [NMEA time, first data scan]
# bad_flag = -9.990e-29
*END*
[from data line 3035]
     72.594    -1.5621    -1.5611   2.690631   2.690628    344.424     3.1721    92.0446     0.3315     0.0247     4.3724    934.167  -69.98304    5.52146    33.8470    33.8458    34.0115    34.0103    -1.5592    -1.5582 0.0000e+00
     72.638    -1.5618    -1.5608   2.690620   2.690646    344.336     3.1528    92.0455     0.3315     0.0249     4.3724    934.208  -69.98304    5.52146    33.8464    33.8457    34.0109    34.0102    -1.5589    -1.5579 0.0000e+00
     72.682    -1.5621    -1.5608   2.690613   2.690646    344.217     3.1386    92.0456     0.3315     0.0247     4.3724    934.250  -69.98304    5.52146    33.8467    33.8456    34.0112    34.0101    -1.5592    -1.5579 0.0000e+00
     72.724    -1.5619    -1.5607   2.690632   2.690663    344.192     3.1281    92.0455     0.3315     0.0244     4.3724    934.292  -69.98304    5.52146    33.8467    33.8457    34.0112    34.0102    -1.5590    -1.5578 0.0000e+00
     72.767    -1.5618    -1.5607   2.690638   2.690640    344.272     3.1203    92.0443     0.3316     0.0244     4.3723    934.333  -69.98304    5.52146    33.8466    33.8454    34.0111    34.0099    -1.5589    -1.5578 0.0000e+00
     72.810    -1.5619    -1.5609   2.690656   2.690657    344.340     3.1145    92.0381     0.3318     0.0244     4.3720    934.375  -69.98304    5.52146    33.8470    33.8458    34.0115    34.0103    -1.5590    -1.5580 0.0000e+00
     72.852    -1.5619    -1.5608   2.690667   2.690668    344.377     3.1104    92.0035     0.3333     0.0244     4.3704    934.417  -69.98304    5.52146    33.8471    33.8458    34.0116    34.0103    -1.5590    -1.5579 0.0000e+00
     72.894    -1.5619    -1.5608   2.690644   2.690657    344.407     3.1075    91.9319     0.3365     0.0244     4.3670    934.458  -69.98304    5.52146    33.8467    33.8457    34.0112    34.0102    -1.5590    -1.5579 0.0000e+00
     72.935    -1.5621    -1.5609   2.690637   2.690685    344.418     3.1057    91.8691     0.3392     0.0244     4.3640    934.500  -69.98304    5.52146    33.8468    33.8461    34.0113    34.0106    -1.5592    -1.5580 0.0000e+00
     72.977    -1.5618    -1.5608   2.690656   2.690674    344.364     3.1049    91.8447     0.3402     0.0244     4.3629    934.542  -69.98304    5.52146    33.8467    33.8458    34.0112    34.0103    -1.5589    -1.5579 0.0000e+00
     73.018    -1.5618    -1.5611   2.690667   2.690701    344.250     3.1049    91.8403     0.3405     0.0244     4.3626    934.583  -69.98304    5.52146    33.8469    33.8465    34.0114    34.0110    -1.5589    -1.5582 0.0000e+00
     73.059    -1.5619    -1.5608   2.690667   2.690690    344.161     3.1058    91.8396     0.3405     0.0244     4.3626    934.625  -69.98304    5.52146    33.8469    33.8460    34.0115    34.0105    -1.5590    -1.5579 0.0000e+00
     73.101    -1.5616    -1.5608   2.690651   2.690707    344.113     3.1076    91.8394     0.3405     0.0245     4.3626    934.667  -69.98304    5.52146    33.8464    33.8462    34.0109    34.0107    -1.5587    -1.5579 0.0000e+00
     73.143    -1.5616    -1.5605   2.690716   2.690719    344.074     3.1105    91.8394     0.3405     0.0247     4.3626    934.708  -69.98304    5.52146    33.8472    33.8460    34.0117    34.0105    -1.5587    -1.5576 0.0000e+00
     73.184    -1.5613    -1.5604   2.690763   2.690770    344.040     3.1146    91.8394     0.3405     0.0252     4.3626    934.750  -69.98304    5.52146    33.8475    33.8466    34.0120    34.0111    -1.5584    -1.5575 0.0000e+00
     73.225    -1.5613    -1.5604   2.690751   2.690792    344.020     3.1205    91.8394     0.3405     0.0252     4.3626    934.792  -69.98304    5.52146    33.8473    33.8469    34.0118    34.0114    -1.5584    -1.5575 0.0000e+00
     73.266    -1.5611    -1.5602   2.690746   2.690799    344.043     3.1284    91.8394     0.3405     0.0248     4.3626    934.833  -69.98304    5.52146    33.8470    33.8467    34.0115    34.0112    -1.5582    -1.5573 0.0000e+00
     73.306    -1.5613    -1.5604   2.690781   2.690787    344.066     3.1390    91.8394     0.3405     0.0247     4.3626    934.875  -69.98304    5.52146    33.8477    33.8467    34.0122    34.0113    -1.5585    -1.5575 0.0000e+00
     73.345    -1.5615    -1.5607   2.690775   2.690774    343.984     3.1532    91.8394     0.3405     0.0249     4.3626    934.917  -69.98304    5.52146    33.8478    33.8469    34.0123    34.0114    -1.5587    -1.5579 0.0000e+00
     73.384    -1.5613    -1.5605   2.690810   2.690753    343.897     3.1718    91.8394     0.3405     0.0247     4.3626    934.958  -69.98304    5.52146    33.8480    33.8463    34.0126    34.0108    -1.5585    -1.5577 0.0000e+00
     73.425    -1.5615    -1.5607   2.690781   2.690780    343.915     3.1964    91.8394     0.3405     0.0244     4.3626    935.000  -69.98304    5.52146    33.8478    33.8469    34.0124    34.0114    -1.5587    -1.5579 0.0000e+00
     73.467    -1.5612    -1.5604   2.690788   2.690787    343.949     3.2288    91.8394     0.3405     0.0244     4.3626    935.042  -69.98304    5.52146    33.8476    33.8466    34.0121    34.0112    -1.5584    -1.5576 0.0000e+00
     73.509    -1.5613    -1.5602   2.690775   2.690793    343.954     3.2719    91.8394     0.3405     0.0245     4.3626    935.083  -69.98304    5.52146    33.8475    33.8465    34.0120    34.0110    -1.5585    -1.5574 0.0000e+00
     73.551    -1.5613    -1.5602   2.690769   2.690816    343.958     3.3290    91.8396     0.3405     0.0247     4.3626    935.125  -69.98304    5.52146    33.8474    33.8468    34.0119    34.0113    -1.5585    -1.5574 0.0000e+00
     73.593    -1.5616    -1.5602   2.690751   2.690816    343.965     3.4030    91.8406     0.3404     0.0249     4.3627    935.167  -69.98304    5.52146    33.8474    33.8467    34.0119    34.0113    -1.5588    -1.5574 0.0000e+00
     73.633    -1.5613    -1.5604   2.690745   2.690798    343.973     3.4876    91.8459     0.3402     0.0247     4.3629    935.208  -69.98304    5.52146    33.8470    33.8467    34.0115    34.0112    -1.5585    -1.5576 0.0000e+00
     73.672    -1.5616    -1.5600   2.690763   2.690832    343.976     3.5662    91.8756     0.3389     0.0244     4.3643    935.250  -69.98304    5.52146    33.8475    33.8467    34.0121    34.0112    -1.5588    -1.5572 0.0000e+00
     73.709    -1.5613    -1.5604   2.690787   2.690843    343.941     3.6278    91.9439     0.3359     0.0244     4.3676    935.292  -69.98304    5.52146    33.8475    33.8473    34.0120    34.0118    -1.5585    -1.5576 0.0000e+00
     73.747    -1.5615    -1.5602   2.690775   2.690810    343.911     3.6735    92.0174     0.3327     0.0244     4.3711    935.333  -69.98304    5.52146    33.8476    33.8466    34.0121    34.0111    -1.5587    -1.5574 0.0000e+00
     73.784    -1.5612    -1.5604   2.690788   2.690781    343.968     3.7073    92.0574     0.3310     0.0245     4.3730    935.375  -69.98304    5.52146    33.8474    33.8464    34.0119    34.0109    -1.5584    -1.5576 0.0000e+00
     73.820    -1.5616    -1.5603   2.690809   2.690792    344.042     3.7328    92.0690     0.3305     0.0247     4.3735    935.417  -69.98304    5.52146    33.8481    33.8464    34.0126    34.0109    -1.5588    -1.5575 0.0000e+00
     73.855    -1.5613    -1.5602   2.690822   2.690810    344.029     3.7521    92.0710     0.3304     0.0249     4.3736    935.458  -69.98304    5.52146    33.8479    33.8465    34.0124    34.0110    -1.5585    -1.5574 0.0000e+00
     73.889    -1.5613    -1.5604   2.690840   2.690798    343.952     3.7666    92.0714     0.3304     0.0247     4.3736    935.500  -69.98304    5.52146    33.8481    33.8465    34.0127    34.0110    -1.5585    -1.5576 0.0000e+00
     73.925    -1.5613    -1.5605   2.690804   2.690815    343.926     3.7776    92.0715     0.3304     0.0244     4.3736    935.542  -69.98304    5.52146    33.8476    33.8469    34.0121    34.0114    -1.5585    -1.5577 0.0000e+00
     73.963    -1.5612    -1.5604   2.690810   2.690837    343.940     3.7860    92.0715     0.3304     0.0244     4.3736    935.583  -69.98304    5.52146    33.8476    33.8470    34.0121    34.0115    -1.5584    -1.5576 0.0000e+00
     74.001    -1.5615    -1.5602   2.690822   2.690843    343.890     3.7924    92.0715     0.3304     0.0244     4.3736    935.625  -69.98304    5.52146    33.8480    33.8469    34.0126    34.0114    -1.5587    -1.5574 0.0000e+00
     74.038    -1.5615    -1.5604   2.690840   2.690848    343.788     3.7976    92.0715     0.3304     0.0244     4.3736    935.667  -69.98304    5.52146    33.8483    33.8471    34.0128    34.0116    -1.5587    -1.5576 0.0000e+00
     74.074    -1.5613    -1.5602   2.690863   2.690865    343.719     3.8018    92.0715     0.3304     0.0245     4.3736    935.708  -69.98304    5.52144    33.8483    33.8471    34.0129    34.0116    -1.5585    -1.5574 0.0000e+00
     74.111    -1.5615    -1.5600   2.690875   2.690905    343.728     3.8053    92.0715     0.3304     0.0247     4.3736    935.750  -69.98304    5.52144    33.8487    33.8474    34.0132    34.0119    -1.5587    -1.5572 0.0000e+00
     74.147    -1.5613    -1.5602   2.690875   2.690943    343.748     3.8082    92.0715     0.3304     0.0249     4.3736    935.792  -69.98304    5.52144    33.8485    33.8481    34.0130    34.0127    -1.5585    -1.5574 0.0000e+00
     74.182    -1.5613    -1.5602   2.690911   2.690932    343.737     3.8108    92.0715     0.3304     0.0247     4.3736    935.833  -69.98304    5.52144    33.8489    33.8480    34.0135    34.0125    -1.5585    -1.5574 0.0000e+00
     74.218    -1.5613    -1.5602   2.690905   2.690915    343.726     3.8134    92.0715     0.3304     0.0244     4.3736    935.875  -69.98304    5.52144    33.8488    33.8477    34.0134    34.0122    -1.5585    -1.5574 0.0000e+00
     74.255    -1.5614    -1.5602   2.690899   2.690960    343.723     3.8161    92.0714     0.3304     0.0244     4.3736    935.917  -69.98304    5.52144    33.8488    33.8483    34.0134    34.0128    -1.5586    -1.5574 0.0000e+00
     74.292    -1.5613    -1.5600   2.690917   2.690978    343.699     3.8191    92.0710     0.3304     0.0245     4.3736    935.958  -69.98304    5.52144    33.8489    33.8483    34.0135    34.0128    -1.5585    -1.5572 0.0000e+00
     74.328    -1.5613    -1.5604   2.690905   2.690971    343.688     3.8227    92.0689     0.3305     0.0247     4.3735    936.000  -69.98304    5.52144    33.8488    33.8486    34.0133    34.0132    -1.5585    -1.5576 0.0000e+00
     74.364    -1.5614    -1.5602   2.690899   2.690971    343.749     3.8271    92.0569     0.3310     0.0249     4.3729    936.042  -69.98304    5.52144    33.8488    33.8484    34.0133    34.0129    -1.5586    -1.5574 0.0000e+00
     74.400    -1.5613    -1.5604   2.690917   2.690938    343.810     3.8329    91.9906     0.3339     0.0247     4.3698    936.083  -69.98304    5.52144    33.8489    33.8481    34.0134    34.0127    -1.5585    -1.5576 0.0000e+00
     74.436    -1.5615    -1.5604   2.690982   2.690927    343.835     3.8406    91.8154     0.3416     0.0244     4.3615    936.125  -69.98304    5.52144    33.8500    33.8480    34.0145    34.0125    -1.5587    -1.5576 0.0000e+00
     74.471    -1.5614    -1.5604   2.690964   2.690915    343.855     3.8508    91.5990     0.3510     0.0244     4.3513    936.167  -69.98304    5.52144    33.8496    33.8478    34.0141    34.0123    -1.5586    -1.5576 0.0000e+00
     74.506    -1.5612    -1.5600   2.690928   2.690961    343.875     3.8640    91.4721     0.3565     0.0245     4.3453    936.208  -69.98304    5.52144    33.8489    33.8479    34.0134    34.0125    -1.5584    -1.5572 0.0000e+00
     74.541    -1.5612    -1.5599   2.690958   2.690995    343.889     3.8812    91.4422     0.3578     0.0247     4.3438    936.250  -69.98304    5.52144    33.8492    33.8483    34.0138    34.0128    -1.5584    -1.5571 0.0000e+00
     74.576    -1.5613    -1.5604   2.690934   2.690977    343.888     3.9014    91.4463     0.3577     0.0249     4.3440    936.292  -69.98304    5.52144    33.8490    33.8486    34.0135    34.0131    -1.5585    -1.5576 0.0000e+00
     74.611    -1.5610    -1.5600   2.690941   2.690995    343.880     3.9208    91.4514     0.3574     0.0247     4.3443    936.333  -69.98304    5.52144    33.8487    33.8483    34.0133    34.0129    -1.5582    -1.5572 0.0000e+00
     74.645    -1.5611    -1.5602   2.690952   2.690982    343.839     3.9365    91.4523     0.3574     0.0245     4.3443    936.375  -69.98304    5.52144    33.8490    33.8484    34.0135    34.0129    -1.5583    -1.5574 0.0000e+00
     74.678    -1.5610    -1.5597   2.690971   2.691011    343.762     3.9480    91.4525     0.3574     0.0247     4.3443    936.417  -69.98304    5.52144    33.8491    33.8482    34.0136    34.0127    -1.5582    -1.5569 0.0000e+00
     74.712    -1.5610    -1.5602   2.690994   2.690999    343.724     3.9563    91.4525     0.3574     0.0249     4.3443    936.458  -69.98304    5.52144    33.8494    33.8486    34.0139    34.0131    -1.5582    -1.5574 0.0000e+00
     74.745    -1.5609    -1.5597   2.690983   2.691017    343.770     3.9626    91.4525     0.3574     0.0247     4.3443    936.500  -69.98304    5.52144    33.8491    33.8482    34.0137    34.0128    -1.5581    -1.5569 0.0000e+00
     74.779    -1.5612    -1.5600   2.690993   2.691028    343.827     3.9675    91.4525     0.3574     0.0244     4.3443    936.542  -69.98304    5.52144    33.8496    33.8487    34.0141    34.0132    -1.5584    -1.5572 0.0000e+00
     74.813    -1.5609    -1.5600   2.691018   2.691000    343.804     3.9714    91.4525     0.3574     0.0244     4.3443    936.583  -69.98304    5.52144    33.8496    33.8483    34.0141    34.0128    -1.5581    -1.5572 0.0000e+00
     74.847    -1.5609    -1.5599   2.691006   2.691039    343.750     3.9745    91.4525     0.3574     0.0244     4.3443    936.625  -69.98304    5.52144    33.8494    33.8487    34.0139    34.0132    -1.5581    -1.5571 0.0000e+00
     74.882    -1.5610    -1.5599   2.691036   2.691034    343.714     3.9766    91.4525     0.3574     0.0244     4.3443    936.667  -69.98304    5.52144    33.8499    33.8486    34.0144    34.0131    -1.5582    -1.5571 0.0000e+00
     74.915    -1.5612    -1.5599   2.691052   2.691045    343.634     3.9781    91.4525     0.3574     0.0244     4.3443    936.708  -69.98304    5.52144    33.8503    33.8487    34.0149    34.0133    -1.5584    -1.5571 0.0000e+00
     74.949    -1.5611    -1.5599   2.691070   2.691067    343.508     3.9792    91.4525     0.3574     0.0244     4.3443    936.750  -69.98304    5.52144    33.8504    33.8490    34.0150    34.0136    -1.5583    -1.5571 0.0000e+00
     74.982    -1.5610    -1.5600   2.691077   2.691073    343.421     3.9803    91.4525     0.3574     0.0244     4.3443    936.792  -69.98304    5.52144    33.8504    33.8492    34.0149    34.0137    -1.5582    -1.5572 0.0000e+00
     75.015    -1.5609    -1.5597   2.691112   2.691118    343.428     3.9813    91.4526     0.3574     0.0244     4.3443    936.833  -69.98304    5.52144    33.8507    33.8495    34.0153    34.0140    -1.5581    -1.5569 0.0000e+00
     75.049    -1.5613    -1.5600   2.691129   2.691162    343.509     3.9824    91.4530     0.3574     0.0244     4.3443    936.875  -69.98304    5.52144    33.8514    33.8504    34.0160    34.0149    -1.5585    -1.5572 0.0000e+00
     75.082    -1.5610    -1.5600   2.691148   2.691179    343.585     3.9837    91.4555     0.3573     0.0244     4.3444    936.917  -69.98304    5.52144    33.8513    33.8506    34.0159    34.0151    -1.5582    -1.5572 0.0000e+00
     75.115    -1.5610    -1.5602   2.691213   2.691217    343.649     3.9852    91.4691     0.3567     0.0244     4.3451    936.958  -69.98304    5.52144    33.8522    33.8513    34.0167    34.0159    -1.5582    -1.5574 0.0000e+00
