tests/test_data/sbe_files/sbe911plus/troll_transect_22_23/004.cnv
* Sea-Bird SBE 9 Data File:
* FileName = C:\Documents and Settings\ctd\Desktop\TrollTransect_22_23\data\004.hex
* Software Version Seasave V 7.21b
* Temperature SN = 4771
* Conductivity SN = 3742
* Number of Bytes Per Scan = 48
* Number of Voltage Words = 5
* Number of Scans Averaged by the Deck Unit = 1
* NMEA Latitude = 69 58.98 S
* NMEA Longitude = 005 31.69 E
* NMEA UTC (Time) = Jan 23 2023  13:39:46
* NMEA baud rate = 4800
** Cruise: Troll Transect 22 23
** Ship: Silver Arctic
** Station (File Number):  003
** Latitude:
** Longitude:
** Echodepth (m):
** Seastate:
# nquan = 21                                
# nvalues = 75737                       
# units = specified
# name 0 = prDM: Pressure, Digiquartz [db]
# name 1 = t090C: Temperature [ITS-90, deg C]
# name 2 = t190C: Temperature, 2 [ITS-90, deg C]
# name 3 = c0S/m: Conductivity [S/m]
# name 4 = c1S/m: Conductivity, 2 [S/m]
# name 5 = sbox0Mm/Kg: Oxygen, SBE 43 [umol/kg]
# name 6 = flECO-AFL: Fluorescence, WET Labs ECO-AFL/FL [mg/m^3]
# name 7 = xmiss: Beam Transmission, Chelsea/Seatech [%]
# name 8 = bat: Beam Attenuation, Chelsea/Seatech [1/m]
# name 9 = v1: Voltage 1
# name 10 = v2: Voltage 2
# name 11 = timeS: Time, Elapsed [seconds]
# name 12 = latitude: Latitude [deg]
# name 13 = longitude: Longitude [deg]
# name 14 = sal00: Salinity, Practical [PSU]
# name 15 = sal11: Salinity, Practical, 2 [PSU]
# name 16 = gsw_saA0: Absolute Salinity [g/kg]
# name 17 = gsw_saA1: Absolute Salinity, 2 [g/kg]
# name 18 = gsw_ctA0: Conservative Temperature [ITS-90, deg C]
# name 19 = gsw_ctA1: Conservative Temperature, 2 [ITS-90, deg C]
# name 20 = flag: flag
# span 0 =     -0.043,    848.794       
# span 1 =    -1.7571,     5.5815       
# span 2 =    -1.7561,     5.1852       
# span 3 =   0.001917,   2.959621       
# span 4 =  -0.169659,   2.959704       
# span 5 =    187.315,    602.437       
# span 6 =    -0.0083,    12.0485       
# span 7 =     6.6994,    98.8655       
# span 8 =     0.0456,    11.4555       
# span 9 =     0.0097,     0.0994       
# span 10 =     0.3321,     4.6952      
# span 11 =      0.000,   3155.667      
# span 12 =  -69.98308,  -69.97974      
# span 13 =    5.50728,    5.52822      
# span 14 =     0.0136,    36.2388      
# span 15 =    -0.0018,    35.2878      
# span 16 =     0.0000,    36.4145      
# span 17 =    -0.0018,    35.4589      
# span 18 =    -1.7602,     5.9027      
# span 19 =    -1.7591,     5.4858      
# span 20 = 0.0000e+00, 0.0000e+00      
# interval = seconds: 0.0416667
# start_time = Jan 23 2023 13:39:47 [NMEA time, first data scan]
# bad_flag = -9.990e-29
*END*
[from data line 897]
      4.168    -1.6025    -1.6012   2.672335   2.672359    352.207     1.5480    89.7236     0.4337     0.0293     4.2625    845.083  -69.98304    5.52192    33.6825    33.6814    33.8458    33.8447    -1.5980    -1.5967 0.0000e+00
      4.191    -1.6027    -1.6008   2.672335   2.672388    352.184     1.5489    89.7140     0.4342     0.0293     4.2620    845.125  -69.98304    5.52192    33.6827    33.6813    33.8461    33.8446    -1.5982    -1.5963 0.0000e+00
      4.213    -1.6025    -1.6009   2.672353   2.672405    352.238     1.5495    89.6896     0.4353     0.0293     4.2608    845.167  -69.98304    5.52192    33.6827    33.6816    33.8461    33.8450    -1.5980    -1.5964 0.0000e+00
      4.235    -1.6024    -1.6006   2.672307   2.672406    352.341     1.5499    89.6560     0.4368     0.0293     4.2592    845.208  -69.98304    5.52192    33.6820    33.6813    33.8453    33.8446    -1.5979    -1.5961 0.0000e+00
      4.258    -1.6028    -1.6009   2.672341   2.672416    352.422     1.5500    89.6318     0.4378     0.0293     4.2581    845.250  -69.98304    5.52192    33.6829    33.6818    33.8462    33.8451    -1.5983    -1.5964 0.0000e+00
      4.281    -1.6025    -1.6008   2.672324   2.672427    352.465     1.5497    89.6231     0.4382     0.0293     4.2577    845.292  -69.98304    5.52192    33.6823    33.6818    33.8456    33.8451    -1.5980    -1.5963 0.0000e+00
      4.303    -1.6024    -1.6006   2.672336   2.672434    352.497     1.5489    89.6215     0.4383     0.0293     4.2576    845.333  -69.98304    5.52192    33.6823    33.6816    33.8457    33.8450    -1.5979    -1.5961 0.0000e+00
      4.325    -1.6027    -1.6000   2.672353   2.672468    352.517     1.5478    89.6212     0.4383     0.0293     4.2576    845.375  -69.98304    5.52192    33.6829    33.6814    33.8462    33.8447    -1.5982    -1.5955 0.0000e+00
      4.347    -1.6025    -1.5995   2.672324   2.672503    352.513     1.5465    89.6212     0.4383     0.0293     4.2576    845.417  -69.98304    5.52192    33.6822    33.6813    33.8456    33.8446    -1.5980    -1.5950 0.0000e+00
      4.369    -1.6027    -1.5995   2.672312   2.672509    352.456     1.5450    89.6212     0.4383     0.0293     4.2576    845.458  -69.98304    5.52192    33.6823    33.6814    33.8456    33.8447    -1.5982    -1.5950 0.0000e+00
      4.390    -1.6025    -1.5995   2.672312   2.672486    352.403     1.5432    89.6212     0.4383     0.0293     4.2576    845.500  -69.98304    5.52192    33.6820    33.6810    33.8454    33.8444    -1.5980    -1.5950 0.0000e+00
      4.412    -1.6021    -1.5997   2.672313   2.672480    352.430     1.5406    89.6212     0.4383     0.0293     4.2576    845.542  -69.98304    5.52192    33.6816    33.6812    33.8449    33.8445    -1.5976    -1.5952 0.0000e+00
      4.434    -1.6024    -1.6001   2.672337   2.672485    352.470     1.5368    89.6212     0.4383     0.0293     4.2576    845.583  -69.98304    5.52192    33.6822    33.6817    33.8456    33.8450    -1.5979    -1.5956 0.0000e+00
      4.456    -1.6024    -1.5998   2.672336   2.672424    352.446     1.5317    89.6214     0.4383     0.0293     4.2576    845.625  -69.98304    5.52192    33.6822    33.6805    33.8456    33.8438    -1.5979    -1.5953 0.0000e+00
      4.476    -1.6024    -1.6002   2.672294   2.672423    352.423     1.5252    89.6226     0.4382     0.0293     4.2577    845.667  -69.98304    5.52192    33.6816    33.6809    33.8450    33.8442    -1.5979    -1.5957 0.0000e+00
      4.496    -1.6021    -1.6005   2.672331   2.672411    352.476     1.5168    89.6288     0.4380     0.0293     4.2580    845.708  -69.98304    5.52192    33.6818    33.6811    33.8451    33.8444    -1.5976    -1.5960 0.0000e+00
      4.516    -1.6022    -1.6005   2.672354   2.672439    352.544     1.5070    89.6392     0.4375     0.0293     4.2585    845.750  -69.98304    5.52192    33.6822    33.6815    33.8455    33.8448    -1.5977    -1.5960 0.0000e+00
      4.537    -1.6024    -1.6000   2.672341   2.672451    352.583     1.4976    89.6443     0.4373     0.0293     4.2588    845.792  -69.98304    5.52192    33.6822    33.6810    33.8456    33.8444    -1.5979    -1.5955 0.0000e+00
      4.557    -1.6025    -1.5997   2.672318   2.672475    352.615     1.4901    89.6390     0.4376     0.0293     4.2585    845.833  -69.98304    5.52192    33.6820    33.6810    33.8454    33.8443    -1.5980    -1.5952 0.0000e+00
      4.577    -1.6023    -1.5994   2.672331   2.672520    352.646     1.4847    89.6283     0.4380     0.0293     4.2580    845.875  -69.98304    5.52192    33.6820    33.6813    33.8453    33.8446    -1.5978    -1.5949 0.0000e+00
      4.600    -1.6027    -1.5992   2.672336   2.672537    352.678     1.4807    89.6199     0.4384     0.0293     4.2575    845.917  -69.98304    5.52192    33.6825    33.6813    33.8458    33.8446    -1.5982    -1.5947 0.0000e+00
      4.624    -1.6030    -1.5990   2.672299   2.672538    352.710     1.4779    89.6065     0.4390     0.0293     4.2569    845.958  -69.98304    5.52192    33.6823    33.6811    33.8456    33.8444    -1.5985    -1.5945 0.0000e+00
      4.647    -1.6029    -1.5988   2.672282   2.672571    352.728     1.4756    89.5622     0.4409     0.0293     4.2548    846.000  -69.98304    5.52192    33.6819    33.6813    33.8452    33.8446    -1.5984    -1.5943 0.0000e+00
      4.670    -1.6030    -1.5985   2.672317   2.672584    352.728     1.4738    89.4906     0.4441     0.0293     4.2515    846.042  -69.98304    5.52192    33.6825    33.6811    33.8458    33.8444    -1.5985    -1.5940 0.0000e+00
      4.694    -1.6031    -1.5986   2.672299   2.672605    352.718     1.4723    89.4372     0.4465     0.0293     4.2490    846.083  -69.98304    5.52192    33.6823    33.6815    33.8457    33.8448    -1.5986    -1.5941 0.0000e+00
      4.716    -1.6031    -1.5985   2.672282   2.672617    352.705     1.4712    89.4189     0.4473     0.0293     4.2481    846.125  -69.98304    5.52192    33.6821    33.6815    33.8454    33.8449    -1.5986    -1.5940 0.0000e+00
      4.739    -1.6031    -1.5983   2.672305   2.672617    352.700     1.4703    89.4157     0.4475     0.0293     4.2479    846.167  -69.98304    5.52192    33.6824    33.6813    33.8457    33.8446    -1.5986    -1.5938 0.0000e+00
      4.762    -1.6030    -1.5983   2.672311   2.672617    352.720     1.4696    89.4150     0.4475     0.0293     4.2479    846.208  -69.98304    5.52192    33.6824    33.6813    33.8457    33.8446    -1.5985    -1.5938 0.0000e+00
      4.786    -1.6025    -1.5981   2.672312   2.672590    352.798     1.4685    89.4149     0.4475     0.0293     4.2479    846.250  -69.98304    5.52192    33.6818    33.6807    33.8451    33.8440    -1.5980    -1.5936 0.0000e+00
      4.810    -1.6024    -1.5986   2.672353   2.672566    352.918     1.4672    89.4149     0.4475     0.0293     4.2479    846.292  -69.98304    5.52192    33.6822    33.6809    33.8456    33.8442    -1.5979    -1.5941 0.0000e+00
      4.834    -1.6018    -1.5988   2.672361   2.672566    352.964     1.4656    89.4149     0.4475     0.0293     4.2479    846.333  -69.98304    5.52192    33.6816    33.6811    33.8450    33.8444    -1.5973    -1.5943 0.0000e+00
      4.859    -1.6016    -1.5990   2.672379   2.672565    352.921     1.4639    89.4149     0.4475     0.0293     4.2479    846.375  -69.98304    5.52192    33.6817    33.6813    33.8450    33.8446    -1.5971    -1.5945 0.0000e+00
      4.883    -1.6016    -1.5990   2.672391   2.672520    352.895     1.4620    89.4149     0.4475     0.0293     4.2479    846.417  -69.98304    5.52192    33.6818    33.6806    33.8451    33.8440    -1.5971    -1.5945 0.0000e+00
      4.907    -1.6011    -1.5992   2.672410   2.672525    352.902     1.4595    89.4149     0.4475     0.0293     4.2479    846.458  -69.98304    5.52192    33.6815    33.6809    33.8448    33.8442    -1.5966    -1.5947 0.0000e+00
      4.932    -1.6010    -1.5994   2.672434   2.672530    352.909     1.4565    89.4149     0.4475     0.0293     4.2479    846.500  -69.98304    5.52192    33.6817    33.6812    33.8450    33.8445    -1.5965    -1.5949 0.0000e+00
      4.957    -1.6011    -1.5995   2.672446   2.672514    352.908     1.4526    89.4149     0.4475     0.0293     4.2479    846.542  -69.98304    5.52192    33.6820    33.6811    33.8453    33.8444    -1.5966    -1.5950 0.0000e+00
      4.981    -1.6008    -1.5994   2.672481   2.672564    352.947     1.4475    89.4149     0.4475     0.0293     4.2479    846.583  -69.98304    5.52192    33.6821    33.6816    33.8454    33.8450    -1.5963    -1.5949 0.0000e+00
      5.006    -1.6012    -1.5995   2.672474   2.672547    353.003     1.4408    89.4149     0.4475     0.0293     4.2479    846.625  -69.98304    5.52192    33.6824    33.6815    33.8458    33.8448    -1.5967    -1.5950 0.0000e+00
      5.032    -1.6014    -1.5994   2.672450   2.672536    352.996     1.4321    89.4150     0.4475     0.0293     4.2479    846.667  -69.98304    5.52192    33.6823    33.6812    33.8456    33.8446    -1.5969    -1.5949 0.0000e+00
      5.057    -1.6015    -1.5995   2.672420   2.672508    352.975     1.4204    89.4153     0.4475     0.0293     4.2479    846.708  -69.98304    5.52192    33.6820    33.6809    33.8453    33.8443    -1.5970    -1.5950 0.0000e+00
      5.082    -1.6019    -1.5992   2.672413   2.672525    352.984     1.4048    89.4171     0.4474     0.0293     4.2480    846.750  -69.98304    5.52192    33.6823    33.6808    33.8457    33.8441    -1.5974    -1.5947 0.0000e+00
      5.108    -1.6023    -1.5998   2.672377   2.672513    353.031     1.3840    89.4271     0.4470     0.0293     4.2485    846.792  -69.98304    5.52192    33.6823    33.6813    33.8456    33.8446    -1.5978    -1.5953 0.0000e+00
      5.133    -1.6025    -1.6001   2.672359   2.672506    353.118     1.3591    89.4826     0.4445     0.0293     4.2511    846.833  -69.98304    5.52192    33.6822    33.6815    33.8456    33.8449    -1.5980    -1.5956 0.0000e+00
      5.159    -1.6025    -1.6005   2.672342   2.672488    353.182     1.3348    89.5984     0.4393     0.0293     4.2566    846.875  -69.98304    5.52192    33.6820    33.6817    33.8453    33.8451    -1.5980    -1.5960 0.0000e+00
      5.186    -1.6027    -1.6005   2.672376   2.672483    353.204     1.3152    89.7011     0.4348     0.0293     4.2614    846.917  -69.98304    5.52192    33.6826    33.6816    33.8460    33.8450    -1.5982    -1.5960 0.0000e+00
      5.213    -1.6029    -1.6008   2.672364   2.672454    353.160     1.3006    89.7413     0.4330     0.0293     4.2633    846.958  -69.98304    5.52192    33.6827    33.6816    33.8460    33.8449    -1.5984    -1.5963 0.0000e+00
      5.241    -1.6028    -1.6012   2.672341   2.672431    353.056     1.2897    89.7486     0.4326     0.0293     4.2636    847.000  -69.98304    5.52192    33.6822    33.6817    33.8456    33.8450    -1.5983    -1.5967 0.0000e+00
      5.270    -1.6029    -1.6008   2.672317   2.672432    352.989     1.2816    89.7499     0.4326     0.0293     4.2637    847.042  -69.98304    5.52192    33.6820    33.6812    33.8453    33.8445    -1.5984    -1.5963 0.0000e+00
      5.298    -1.6031    -1.6014   2.672346   2.672408    353.015     1.2755    89.7502     0.4326     0.0293     4.2637    847.083  -69.98304    5.52192    33.6826    33.6815    33.8459    33.8449    -1.5986    -1.5969 0.0000e+00
      5.326    -1.6030    -1.6015   2.672340   2.672385    353.088     1.2711    89.7502     0.4326     0.0293     4.2637    847.125  -69.98304    5.52192    33.6824    33.6813    33.8457    33.8446    -1.5985    -1.5970 0.0000e+00
      5.354    -1.6030    -1.6017   2.672357   2.672380    353.130     1.2677    89.7502     0.4326     0.0293     4.2637    847.167  -69.98304    5.52192    33.6826    33.6815    33.8460    33.8448    -1.5985    -1.5972 0.0000e+00
      5.382    -1.6030    -1.6015   2.672340   2.672447    353.140     1.2651    89.7502     0.4326     0.0293     4.2637    847.208  -69.98304    5.52192    33.6824    33.6821    33.8457    33.8455    -1.5985    -1.5970 0.0000e+00
      5.410    -1.6028    -1.6001   2.672358   2.672579    353.159     1.2631    89.7502     0.4326     0.0293     4.2637    847.250  -69.98304    5.52192    33.6824    33.6824    33.8457    33.8457    -1.5983    -1.5956 0.0000e+00
      5.438    -1.6030    -1.5997   2.672381   2.672613    353.181     1.2617    89.7502     0.4326     0.0293     4.2637    847.292  -69.98304    5.52192    33.6829    33.6824    33.8462    33.8457    -1.5985    -1.5952 0.0000e+00
      5.465    -1.6030    -1.5998   2.672404   2.672552    353.194     1.2608    89.7502     0.4326     0.0293     4.2637    847.333  -69.98304    5.52192    33.6832    33.6816    33.8465    33.8450    -1.5986    -1.5953 0.0000e+00
      5.492    -1.6024    -1.6000   2.672377   2.672568    353.156     1.2604    89.7502     0.4326     0.0293     4.2637    847.375  -69.98304    5.52192    33.6821    33.6821    33.8455    33.8454    -1.5979    -1.5955 0.0000e+00
      5.519    -1.6025    -1.5997   2.672401   2.672585    353.067     1.2604    89.7502     0.4326     0.0293     4.2637    847.417  -69.98304    5.52192    33.6826    33.6819    33.8459    33.8453    -1.5981    -1.5952 0.0000e+00
      5.546    -1.6028    -1.6001   2.672394   2.672517    352.999     1.2609    89.7500     0.4326     0.0293     4.2637    847.458  -69.98304    5.52192    33.6828    33.6814    33.8461    33.8448    -1.5984    -1.5956 0.0000e+00
      5.573    -1.6025    -1.6004   2.672389   2.672522    352.961     1.2618    89.7490     0.4327     0.0293     4.2636    847.500  -69.98304    5.52192    33.6824    33.6818    33.8457    33.8451    -1.5981    -1.5959 0.0000e+00
      5.600    -1.6017    -1.5998   2.672426   2.672568    352.928     1.2632    89.7437     0.4329     0.0293     4.2634    847.542  -69.98304    5.52192    33.6819    33.6818    33.8453    33.8451    -1.5973    -1.5953 0.0000e+00
      5.628    -1.6016    -1.5992   2.672473   2.672603    352.951     1.2652    89.7382     0.4331     0.0293     4.2631    847.583  -69.98304    5.52192    33.6825    33.6815    33.8458    33.8449    -1.5972    -1.5947 0.0000e+00
      5.656    -1.6011    -1.5995   2.672533   2.672591    353.033     1.2680    89.7360     0.4332     0.0293     4.2630    847.625  -69.98304    5.52192    33.6827    33.6817    33.8460    33.8450    -1.5967    -1.5950 0.0000e+00
      5.683    -1.6010    -1.5992   2.672586   2.672586    353.083     1.2712    89.7052     0.4346     0.0293     4.2616    847.667  -69.98304    5.52192    33.6833    33.6813    33.8467    33.8446    -1.5966    -1.5947 0.0000e+00
      5.711    -1.6011    -1.5998   2.672574   2.672596    353.080     1.2754    89.6272     0.4381     0.0293     4.2579    847.708  -69.98304    5.52192    33.6832    33.6821    33.8466    33.8454    -1.5967    -1.5954 0.0000e+00
      5.738    -1.6014    -1.6003   2.672573   2.672583    353.037     1.2809    89.5477     0.4416     0.0293     4.2541    847.750  -69.98304    5.52192    33.6836    33.6824    33.8469    33.8458    -1.5970    -1.5959 0.0000e+00
      5.766    -1.6013    -1.6003   2.672533   2.672544    352.998     1.2885    89.5066     0.4435     0.0293     4.2521    847.792  -69.98304    5.52192    33.6829    33.6819    33.8462    33.8452    -1.5969    -1.5959 0.0000e+00
      5.794    -1.6015    -1.6003   2.672520   2.672550    353.034     1.2988    89.4948     0.4440     0.0293     4.2516    847.833  -69.98304    5.52192    33.6829    33.6820    33.8462    33.8453    -1.5971    -1.5959 0.0000e+00
      5.822    -1.6016    -1.5998   2.672503   2.672562    353.085     1.3125    89.4927     0.4441     0.0293     4.2515    847.875  -69.98304    5.52192    33.6828    33.6815    33.8461    33.8449    -1.5972    -1.5954 0.0000e+00
