tests/test_data/sbe_files/sbe911plus/troll_transect_22_23/004.cnv
* Sea-Bird SBE 9 Data File:
* FileName = C:\Documents and Settings\ctd\Desktop\TrollTransect_22_23\data\004.hex
* Software Version Seasave V 7.21b
* Temperature SN = 4771
* Conductivity SN = 3742
* Number of Bytes Per Scan = 48
* Number of Voltage Words = 5
* Number of Scans Averaged by the Deck Unit = 1
* NMEA Latitude = 69 58.98 S
* NMEA Longitude = 005 31.69 E
* NMEA UTC (Time) = Jan 23 2023  13:39:46
* NMEA baud rate = 4800
** Cruise: Troll Transect 22 23
** Ship: Silver Arctic
** Station (File Number):  003
** Latitude:
** Longitude:
** Echodepth (m):
** Seastate:
# nquan = 21                                
# nvalues = 75737                       
# units = specified
# name 0 = prDM: Pressure, Digiquartz [db]
# name 1 = t090C: Temperature [ITS-90, deg C]
# name 2 = t190C: Temperature, 2 [ITS-90, deg C]
# name 3 = c0S/m: Conductivity [S/m]
# name 4 = c1S/m: Conductivity, 2 [S/m]
# name 5 = sbox0Mm/Kg: Oxygen, SBE 43 [umol/kg]
# name 6 = flECO-AFL: Fluorescence, WET Labs ECO-AFL/FL [mg/m^3]
# name 7 = xmiss: Beam Transmission, Chelsea/Seatech [%]
# name 8 = bat: Beam Attenuation, Chelsea/Seatech [1/m]
# name 9 = v1: Voltage 1
# name 10 = v2: Voltage 2
# name 11 = timeS: Time, Elapsed [seconds]
# name 12 = latitude: Latitude [deg]
# name 13 = longitude: Longitude [deg]
# name 14 = sal00: Salinity, Practical [PSU]
# name 15 = sal11: Salinity, Practical, 2 [PSU]
# name 16 = gsw_saA0: Absolute Salinity [g/kg]
# name 17 = gsw_saA1: Absolute Salinity, 2 [g/kg]
# name 18 = gsw_ctA0: Conservative Temperature [ITS-90, deg C]
# name 19 = gsw_ctA1: Conservative Temperature, 2 [ITS-90, deg C]
# name 20 = flag: flag
# span 0 =     -0.043,    848.794       
# span 1 =    -1.7571,     5.5815       
# span 2 =    -1.7561,     5.1852       
# span 3 =   0.001917,   2.959621       
# span 4 =  -0.169659,   2.959704       
# span 5 =    187.315,    602.437       
# span 6 =    -0.0083,    12.0485       
# span 7 =     6.6994,    98.8655       
# span 8 =     0.0456,    11.4555       
# span 9 =     0.0097,     0.0994       
# span 10 =     0.3321,     4.6952      
# span 11 =      0.000,   3155.667      
# span 12 =  -69.98308,  -69.97974      
# span 13 =    5.50728,    5.52822      
# span 14 =     0.0136,    36.2388      
# span 15 =    -0.0018,    35.2878      
# span 16 =     0.0000,    36.4145      
# span 17 =    -0.0018,    35.4589      
# span 18 =    -1.7602,     5.9027      
# span 19 =    -1.7591,     5.4858      
# span 20 = 0.0000e+00, 0.0000e+00      
# interval = seconds: 0.0416667
# start_time = Jan 23 2023 13:39:47 [NMEA time, first data scan]
# bad_flag = -9.990e-29
*END*
[from data line 3173]
     77.384    -1.5607    -1.5597   2.691401   2.691441    343.771     3.7457    91.3322     0.3626     0.0244     4.3386    939.917  -69.98304    5.52142    33.8530    33.8524    34.0176    34.0170    -1.5579    -1.5569 0.0000e+00
     77.418    -1.5611    -1.5600   2.691371   2.691397    343.799     3.7457    91.3406     0.3623     0.0244     4.3390    939.958  -69.98304    5.52142    33.8530    33.8521    34.0176    34.0167    -1.5583    -1.5572 0.0000e+00
     77.453    -1.5610    -1.5599   2.691378   2.691436    343.861     3.7451    91.3406     0.3623     0.0244     4.3390    940.000  -69.98304    5.52142    33.8530    33.8525    34.0176    34.0171    -1.5582    -1.5571 0.0000e+00
     77.488    -1.5609    -1.5600   2.691348   2.691402    343.849     3.7439    91.3322     0.3626     0.0244     4.3386    940.042  -69.98304    5.52142    33.8524    33.8522    34.0170    34.0168    -1.5581    -1.5572 0.0000e+00
     77.523    -1.5609    -1.5600   2.691372   2.691402    343.752     3.7419    91.3322     0.3626     0.0244     4.3386    940.083  -69.98304    5.52142    33.8528    33.8521    34.0173    34.0167    -1.5581    -1.5572 0.0000e+00
     77.557    -1.5610    -1.5600   2.691389   2.691425    343.691     3.7391    91.3406     0.3623     0.0244     4.3390    940.125  -69.98304    5.52142    33.8531    33.8524    34.0177    34.0170    -1.5582    -1.5572 0.0000e+00
     77.590    -1.5607    -1.5597   2.691389   2.691436    343.735     3.7351    91.3404     0.3623     0.0244     4.3390    940.167  -69.98304    5.52142    33.8527    33.8522    34.0173    34.0168    -1.5579    -1.5569 0.0000e+00
     77.624    -1.5612    -1.5599   2.691406   2.691441    343.842     3.7297    91.3313     0.3627     0.0244     4.3386    940.208  -69.98304    5.52142    33.8535    33.8525    34.0181    34.0171    -1.5585    -1.5571 0.0000e+00
     77.658    -1.5609    -1.5597   2.691413   2.691441    343.924     3.7225    91.3270     0.3629     0.0244     4.3383    940.250  -69.98304    5.52142    33.8532    33.8523    34.0178    34.0168    -1.5582    -1.5569 0.0000e+00
     77.694    -1.5609    -1.5599   2.691413   2.691430    343.977     3.7128    91.3357     0.3625     0.0244     4.3388    940.292  -69.98304    5.52142    33.8532    33.8523    34.0178    34.0169    -1.5582    -1.5572 0.0000e+00
     77.730    -1.5610    -1.5597   2.691413   2.691436    344.034     3.7000    91.3660     0.3611     0.0245     4.3402    940.333  -69.98304    5.52142    33.8533    33.8521    34.0179    34.0167    -1.5583    -1.5570 0.0000e+00
     77.766    -1.5610    -1.5599   2.691413   2.691419    344.089     3.6830    91.4101     0.3592     0.0247     4.3423    940.375  -69.98304    5.52142    33.8533    33.8521    34.0179    34.0167    -1.5583    -1.5572 0.0000e+00
     77.802    -1.5609    -1.5599   2.691413   2.691430    344.125     3.6605    91.4405     0.3579     0.0249     4.3438    940.417  -69.98304    5.52142    33.8531    33.8522    34.0177    34.0168    -1.5582    -1.5572 0.0000e+00
     77.836    -1.5610    -1.5597   2.691412   2.691453    344.096     3.6306    91.4503     0.3575     0.0248     4.3442    940.458  -69.98304    5.52142    33.8532    33.8523    34.0178    34.0169    -1.5583    -1.5570 0.0000e+00
     77.870    -1.5607    -1.5600   2.691413   2.691440    344.016     3.5911    91.4521     0.3574     0.0248     4.3443    940.500  -69.98304    5.52142    33.8529    33.8525    34.0175    34.0170    -1.5580    -1.5573 0.0000e+00
     77.905    -1.5608    -1.5599   2.691413   2.691441    343.977     3.5389    91.4525     0.3574     0.0252     4.3443    940.542  -69.98304    5.52142    33.8530    33.8523    34.0176    34.0169    -1.5581    -1.5572 0.0000e+00
     77.940    -1.5610    -1.5600   2.691394   2.691468    343.979     3.4698    91.4525     0.3574     0.0252     4.3443    940.583  -69.98304    5.52142    33.8529    33.8528    34.0175    34.0174    -1.5583    -1.5573 0.0000e+00
     77.976    -1.5610    -1.5597   2.691406   2.691430    343.976     3.3813    91.4525     0.3574     0.0248     4.3443    940.625  -69.98304    5.52142    33.8531    33.8519    34.0176    34.0165    -1.5583    -1.5570 0.0000e+00
     78.012    -1.5609    -1.5597   2.691413   2.691447    343.976     3.2822    91.4525     0.3574     0.0247     4.3443    940.667  -69.98304    5.52142    33.8530    33.8521    34.0176    34.0167    -1.5582    -1.5570 0.0000e+00
     78.049    -1.5609    -1.5602   2.691413   2.691446    343.995     3.1920    91.4525     0.3574     0.0250     4.3443    940.708  -69.98304    5.52142    33.8530    33.8527    34.0176    34.0172    -1.5582    -1.5575 0.0000e+00
     78.086    -1.5610    -1.5597   2.691412   2.691453    344.022     3.1217    91.4525     0.3574     0.0250     4.3443    940.750  -69.98304    5.52142    33.8531    33.8522    34.0177    34.0167    -1.5583    -1.5570 0.0000e+00
     78.123    -1.5608    -1.5596   2.691431   2.691458    344.067     3.0697    91.4525     0.3574     0.0249     4.3443    940.792  -69.98304    5.52142    33.8531    33.8521    34.0177    34.0167    -1.5581    -1.5569 0.0000e+00
     78.159    -1.5610    -1.5600   2.691459   2.691463    344.097     3.0311    91.4525     0.3574     0.0247     4.3443    940.833  -69.98304    5.52142    33.8537    33.8526    34.0183    34.0172    -1.5583    -1.5573 0.0000e+00
     78.195    -1.5609    -1.5600   2.691425   2.691474    344.055     3.0021    91.4525     0.3574     0.0244     4.3443    940.875  -69.98304    5.52142    33.8531    33.8527    34.0177    34.0173    -1.5582    -1.5573 0.0000e+00
     78.231    -1.5609    -1.5599   2.691431   2.691464    344.031     2.9803    91.4525     0.3574     0.0244     4.3443    940.917  -69.98304    5.52142    33.8531    33.8524    34.0177    34.0170    -1.5582    -1.5572 0.0000e+00
     78.269    -1.5607    -1.5600   2.691419   2.691446    344.043     2.9639    91.4525     0.3574     0.0244     4.3443    940.958  -69.98304    5.52142    33.8527    33.8523    34.0173    34.0169    -1.5580    -1.5573 0.0000e+00
     78.307    -1.5609    -1.5599   2.691413   2.691458    344.002     2.9518    91.4526     0.3574     0.0245     4.3443    941.000  -69.98304    5.52142    33.8528    33.8523    34.0174    34.0169    -1.5582    -1.5572 0.0000e+00
     78.345    -1.5607    -1.5597   2.691431   2.691475    343.957     2.9428    91.4529     0.3574     0.0247     4.3443    941.042  -69.98304    5.52142    33.8528    33.8523    34.0174    34.0169    -1.5580    -1.5570 0.0000e+00
     78.381    -1.5610    -1.5600   2.691442   2.691485    343.946     2.9364    91.4547     0.3573     0.0249     4.3444    941.083  -69.98304    5.52142    33.8533    33.8528    34.0179    34.0174    -1.5583    -1.5573 0.0000e+00
     78.418    -1.5609    -1.5600   2.691443   2.691491    343.935     2.9321    91.4645     0.3569     0.0247     4.3449    941.125  -69.98304    5.52142    33.8532    33.8528    34.0178    34.0174    -1.5582    -1.5573 0.0000e+00
     78.455    -1.5609    -1.5599   2.691460   2.691525    343.884     2.9294    91.4949     0.3555     0.0244     4.3463    941.167  -69.98304    5.52142    33.8534    33.8531    34.0180    34.0177    -1.5582    -1.5572 0.0000e+00
     78.492    -1.5609    -1.5600   2.691484   2.691513    343.825     2.9282    91.5390     0.3536     0.0244     4.3484    941.208  -69.98304    5.52142    33.8537    33.8531    34.0183    34.0177    -1.5582    -1.5573 0.0000e+00
     78.530    -1.5613    -1.5602   2.691507   2.691530    343.836     2.9284    91.5694     0.3523     0.0244     4.3499    941.250  -69.98304    5.52142    33.8544    33.8535    34.0191    34.0181    -1.5586    -1.5575 0.0000e+00
     78.568    -1.5610    -1.5599   2.691519   2.691541    343.867     2.9299    91.5790     0.3519     0.0244     4.3503    941.292  -69.98304    5.52142    33.8542    33.8533    34.0189    34.0179    -1.5583    -1.5572 0.0000e+00
     78.606    -1.5607    -1.5600   2.691537   2.691575    343.869     2.9330    91.5799     0.3519     0.0244     4.3503    941.333  -69.98304    5.52142    33.8541    33.8539    34.0187    34.0185    -1.5580    -1.5573 0.0000e+00
     78.645    -1.5613    -1.5599   2.691523   2.691569    343.862     2.9378    91.5751     0.3521     0.0244     4.3501    941.375  -69.98304    5.52142    33.8546    33.8536    34.0192    34.0182    -1.5586    -1.5572 0.0000e+00
     78.687    -1.5609    -1.5599   2.691520   2.691580    343.865     2.9448    91.5708     0.3523     0.0244     4.3499    941.417  -69.98304    5.52142    33.8541    33.8538    34.0187    34.0184    -1.5582    -1.5572 0.0000e+00
     78.728    -1.5610    -1.5600   2.691554   2.691592    343.876     2.9545    91.5751     0.3521     0.0244     4.3501    941.458  -69.98304    5.52142    33.8546    33.8540    34.0192    34.0186    -1.5583    -1.5573 0.0000e+00
     78.767    -1.5611    -1.5600   2.691530   2.691586    343.892     2.9676    91.5803     0.3518     0.0244     4.3504    941.500  -69.98304    5.52142    33.8544    33.8539    34.0190    34.0185    -1.5584    -1.5573 0.0000e+00
     78.805    -1.5612    -1.5600   2.691519   2.691569    343.917     2.9851    91.5812     0.3518     0.0244     4.3504    941.542  -69.98304    5.52142    33.8543    33.8537    34.0189    34.0183    -1.5585    -1.5573 0.0000e+00
     78.843    -1.5612    -1.5599   2.691554   2.691580    343.984     3.0085    91.5814     0.3518     0.0244     4.3504    941.583  -69.98304    5.52142    33.8548    33.8537    34.0194    34.0183    -1.5585    -1.5572 0.0000e+00
     78.882    -1.5609    -1.5600   2.691566   2.691592    344.054     3.0396    91.5814     0.3518     0.0244     4.3504    941.625  -69.98304    5.52142    33.8546    33.8539    34.0192    34.0185    -1.5582    -1.5573 0.0000e+00
     78.921    -1.5610    -1.5600   2.691530   2.691564    344.048     3.0809    91.5812     0.3518     0.0244     4.3504    941.667  -69.98304    5.52142    33.8542    33.8535    34.0188    34.0181    -1.5583    -1.5573 0.0000e+00
     78.960    -1.5611    -1.5600   2.691572   2.691580    344.021     3.1348    91.5801     0.3519     0.0244     4.3503    941.708  -69.98304    5.52142    33.8548    33.8537    34.0195    34.0183    -1.5584    -1.5573 0.0000e+00
     79.000    -1.5613    -1.5600   2.691553   2.691592    343.975     3.1977    91.5740     0.3521     0.0244     4.3501    941.750  -69.98304    5.52142    33.8548    33.8538    34.0194    34.0185    -1.5586    -1.5573 0.0000e+00
     79.038    -1.5612    -1.5602   2.691542   2.691586    343.874     3.2574    91.5645     0.3525     0.0244     4.3496    941.792  -69.98304    5.52142    33.8545    33.8540    34.0191    34.0186    -1.5585    -1.5575 0.0000e+00
     79.078    -1.5609    -1.5600   2.691542   2.691608    343.791     3.3049    91.5645     0.3525     0.0244     4.3496    941.833  -69.98304    5.52142    33.8541    33.8540    34.0187    34.0186    -1.5582    -1.5573 0.0000e+00
     79.121    -1.5610    -1.5600   2.691560   2.691620    343.790     3.3401    91.5735     0.3521     0.0244     4.3500    941.875  -69.98304    5.52142    33.8545    33.8542    34.0191    34.0188    -1.5583    -1.5573 0.0000e+00
     79.163    -1.5612    -1.5600   2.691566   2.691558    343.845     3.3664    91.5770     0.3520     0.0244     4.3502    941.917  -69.98304    5.52142    33.8547    33.8533    34.0194    34.0179    -1.5585    -1.5573 0.0000e+00
     79.202    -1.5613    -1.5602   2.691547   2.691575    343.870     3.3863    91.5645     0.3525     0.0244     4.3496    941.958  -69.98304    5.52142    33.8546    33.8537    34.0192    34.0183    -1.5586    -1.5575 0.0000e+00
     79.242    -1.5610    -1.5599   2.691560   2.691608    343.817     3.4015    91.5134     0.3548     0.0244     4.3472    942.000  -69.98304    5.52142    33.8544    33.8538    34.0190    34.0184    -1.5583    -1.5572 0.0000e+00
     79.282    -1.5610    -1.5600   2.691584   2.691636    343.724     3.4133    91.4251     0.3586     0.0244     4.3430    942.042  -69.98304    5.52142    33.8547    33.8543    34.0193    34.0189    -1.5583    -1.5573 0.0000e+00
     79.321    -1.5611    -1.5600   2.691572   2.691625    343.658     3.4225    91.3550     0.3616     0.0244     4.3397    942.083  -69.98304    5.52142    33.8546    33.8541    34.0192    34.0187    -1.5584    -1.5573 0.0000e+00
     79.360    -1.5613    -1.5600   2.691583   2.691608    343.624     3.4299    91.3303     0.3627     0.0244     4.3385    942.125  -69.98304    5.52142    33.8550    33.8538    34.0196    34.0185    -1.5586    -1.5573 0.0000e+00
     79.401    -1.5610    -1.5599   2.691595   2.691631    343.641     3.4361    91.3307     0.3627     0.0244     4.3385    942.167  -69.98304    5.52142    33.8548    33.8540    34.0194    34.0186    -1.5583    -1.5572 0.0000e+00
     79.443    -1.5609    -1.5604   2.691595   2.691580    343.720     3.4415    91.3342     0.3625     0.0244     4.3387    942.208  -69.98304    5.52142    33.8546    33.8539    34.0192    34.0185    -1.5582    -1.5577 0.0000e+00
     79.485    -1.5612    -1.5599   2.691572   2.691614    343.787     3.4466    91.3298     0.3627     0.0244     4.3385    942.250  -69.98304    5.52142    33.8546    33.8537    34.0192    34.0183    -1.5585    -1.5572 0.0000e+00
     79.525    -1.5610    -1.5602   2.691566   2.691620    343.776     3.4518    91.3246     0.3630     0.0244     4.3382    942.292  -69.98304    5.52142    33.8543    33.8541    34.0189    34.0187    -1.5583    -1.5575 0.0000e+00
     79.566    -1.5613    -1.5600   2.691583   2.691636    343.712     3.4576    91.3237     0.3630     0.0244     4.3382    942.333  -69.98304    5.52142    33.8548    33.8541    34.0195    34.0187    -1.5586    -1.5573 0.0000e+00
     79.607    -1.5610    -1.5600   2.691596   2.691625    343.673     3.4642    91.3236     0.3630     0.0244     4.3382    942.375  -69.98304    5.52142    33.8547    33.8539    34.0193    34.0185    -1.5583    -1.5573 0.0000e+00
     79.648    -1.5611    -1.5600   2.691613   2.691631    343.674     3.4723    91.3237     0.3630     0.0244     4.3382    942.417  -69.98304    5.52142    33.8550    33.8540    34.0196    34.0186    -1.5584    -1.5573 0.0000e+00
     79.688    -1.5612    -1.5599   2.691619   2.691636    343.684     3.4826    91.3246     0.3629     0.0244     4.3383    942.458  -69.98304    5.52142    33.8552    33.8539    34.0198    34.0185    -1.5585    -1.5572 0.0000e+00
     79.729    -1.5610    -1.5602   2.691601   2.691642    343.689     3.4957    91.3298     0.3627     0.0244     4.3385    942.500  -69.98304    5.52142    33.8546    33.8543    34.0193    34.0189    -1.5583    -1.5575 0.0000e+00
     79.771    -1.5613    -1.5602   2.691595   2.691625    343.681     3.5129    91.3341     0.3625     0.0244     4.3387    942.542  -69.98304    5.52142    33.8549    33.8540    34.0195    34.0187    -1.5586    -1.5575 0.0000e+00
     79.812    -1.5612    -1.5602   2.691596   2.691609    343.671     3.5353    91.3298     0.3627     0.0244     4.3385    942.583  -69.98304    5.52142    33.8548    33.8538    34.0194    34.0184    -1.5585    -1.5575 0.0000e+00
     79.855    -1.5612    -1.5602   2.691613   2.691614    343.702     3.5647    91.3247     0.3630     0.0244     4.3382    942.625  -69.98304    5.52142    33.8550    33.8538    34.0196    34.0185    -1.5585    -1.5575 0.0000e+00
     79.898    -1.5609    -1.5602   2.691637   2.691637    343.735     3.6036    91.3239     0.3630     0.0244     4.3382    942.667  -69.98304    5.52142    33.8549    33.8541    34.0195    34.0187    -1.5582    -1.5575 0.0000e+00
     79.940    -1.5610    -1.5599   2.691625   2.691637    343.696     3.6549    91.3244     0.3630     0.0244     4.3382    942.708  -69.98304    5.52140    33.8548    33.8538    34.0195    34.0184    -1.5583    -1.5572 0.0000e+00
