tests/test_data/sbe_files/sbe911plus/troll_transect_22_23/004.cnv
* Sea-Bird SBE 9 Data File:
* FileName = C:\Documents and Settings\ctd\Desktop\TrollTransect_22_23\data\004.hex
* Software Version Seasave V 7.21b
* Temperature SN = 4771
* Conductivity SN = 3742
* Number of Bytes Per Scan = 48
* Number of Voltage Words = 5
* Number of Scans Averaged by the Deck Unit = 1
* NMEA Latitude = 69 58.98 S
* NMEA Longitude = 005 31.69 E
* NMEA UTC (Time) = Jan 23 2023  13:39:46
* NMEA baud rate = 4800
** Cruise: Troll Transect 22 23
** Ship: Silver Arctic
** Station (File Number):  003
** Latitude:
** Longitude:
** Echodepth (m):
** Seastate:
# nquan = 21                                
# nvalues = 75737                       
# units = specified
# name 0 = prDM: Pressure, Digiquartz [db]
# name 1 = t090C: Temperature [ITS-90, deg C]
# name 2 = t190C: Temperature, 2 [ITS-90, deg C]
# name 3 = c0S/m: Conductivity [S/m]
# name 4 = c1S/m: Conductivity, 2 [S/m]
# name 5 = sbox0Mm/Kg: Oxygen, SBE 43 [umol/kg]
# name 6 = flECO-AFL: Fluorescence, WET Labs ECO-AFL/FL [mg/m^3]
# name 7 = xmiss: Beam Transmission, Chelsea/Seatech [%]
# name 8 = bat: Beam Attenuation, Chelsea/Seatech [1/m]
# name 9 = v1: Voltage 1
# name 10 = v2: Voltage 2
# name 11 = timeS: Time, Elapsed [seconds]
# name 12 = latitude: Latitude [deg]
# name 13 = longitude: Longitude [deg]
# name 14 = sal00: Salinity, Practical [PSU]
# name 15 = sal11: Salinity, Practical, 2 [PSU]
# name 16 = gsw_saA0: Absolute Salinity [g/kg]
# name 17 = gsw_saA1: Absolute Salinity, 2 [g/kg]
# name 18 = gsw_ctA0: Conservative Temperature [ITS-90, deg C]
# name 19 = gsw_ctA1: Conservative Temperature, 2 [ITS-90, deg C]
# name 20 = flag: flag
# span 0 =     -0.043,    848.794       
# span 1 =    -1.7571,     5.5815       
# span 2 =    -1.7561,     5.1852       
# span 3 =   0.001917,   2.959621       
# span 4 =  -0.169659,   2.959704       
# span 5 =    187.315,    602.437       
# span 6 =    -0.0083,    12.0485       
# span 7 =     6.6994,    98.8655       
# span 8 =     0.0456,    11.4555       
# span 9 =     0.0097,     0.0994       
# span 10 =     0.3321,     4.6952      
# span 11 =      0.000,   3155.667      
# span 12 =  -69.98308,  -69.97974      
# span 13 =    5.50728,    5.52822      
# span 14 =     0.0136,    36.2388      
# span 15 =    -0.0018,    35.2878      
# span 16 =     0.0000,    36.4145      
# span 17 =    -0.0018,    35.4589      
# span 18 =    -1.7602,     5.9027      
# span 19 =    -1.7591,     5.4858      
# span 20 = 0.0000e+00, 0.0000e+00      
# interval = seconds: 0.0416667
# start_time = Jan 23 2023 13:39:47 [NMEA time, first data scan]
# bad_flag = -9.990e-29
*END*
[from data line 2552]
     51.925    -1.5609    -1.5600   2.687442   2.687513    349.371     4.0110    90.3178     0.4074     0.0281     4.2906    914.042  -69.98304    5.52158    33.8145    33.8144    33.9786    33.9786    -1.5576    -1.5567 0.0000e+00
     51.969    -1.5609    -1.5600   2.687507   2.687558    349.338     4.0108    90.3185     0.4074     0.0281     4.2906    914.083  -69.98304    5.52158    33.8154    33.8150    33.9795    33.9792    -1.5576    -1.5567 0.0000e+00
     52.016    -1.5609    -1.5597   2.687519   2.687591    349.311     4.0108    90.3227     0.4072     0.0281     4.2908    914.125  -69.98304    5.52158    33.8155    33.8151    33.9796    33.9792    -1.5576    -1.5564 0.0000e+00
     52.062    -1.5608    -1.5599   2.687554   2.687619    349.254     4.0111    90.3456     0.4062     0.0281     4.2919    914.167  -69.98304    5.52158    33.8158    33.8157    33.9800    33.9798    -1.5575    -1.5566 0.0000e+00
     52.107    -1.5609    -1.5597   2.687607   2.687625    349.193     4.0120    90.4729     0.4005     0.0281     4.2979    914.208  -69.98304    5.52158    33.8167    33.8155    33.9808    33.9797    -1.5576    -1.5564 0.0000e+00
     52.150    -1.5605    -1.5597   2.687591   2.687642    349.199     4.0135    90.7463     0.3885     0.0281     4.3109    914.250  -69.98304    5.52158    33.8159    33.8157    33.9801    33.9799    -1.5572    -1.5564 0.0000e+00
     52.194    -1.5607    -1.5594   2.687631   2.687687    349.213     4.0160    91.0073     0.3769     0.0281     4.3232    914.292  -69.98304    5.52158    33.8167    33.8160    33.9808    33.9801    -1.5574    -1.5561 0.0000e+00
     52.238    -1.5604    -1.5596   2.687667   2.687738    349.141     4.0194    91.1234     0.3718     0.0281     4.3288    914.333  -69.98304    5.52158    33.8168    33.8169    33.9810    33.9810    -1.5571    -1.5563 0.0000e+00
     52.281    -1.5604    -1.5590   2.687691   2.687772    349.017     4.0239    91.1424     0.3710     0.0281     4.3297    914.375  -69.98304    5.52158    33.8171    33.8167    33.9813    33.9808    -1.5571    -1.5557 0.0000e+00
     52.324    -1.5602    -1.5588   2.687726   2.687801    348.976     4.0299    91.1356     0.3713     0.0281     4.3293    914.417  -69.98304    5.52158    33.8174    33.8168    33.9815    33.9809    -1.5569    -1.5555 0.0000e+00
     52.367    -1.5603    -1.5590   2.687744   2.687845    349.027     4.0375    91.1251     0.3718     0.0281     4.3288    914.458  -69.98304    5.52158    33.8177    33.8176    33.9818    33.9818    -1.5570    -1.5557 0.0000e+00
     52.410    -1.5597    -1.5590   2.687805   2.687839    349.016     4.0454    91.1197     0.3720     0.0281     4.3285    914.500  -69.98304    5.52158    33.8178    33.8175    33.9820    33.9816    -1.5564    -1.5557 0.0000e+00
     52.454    -1.5596    -1.5587   2.687846   2.687868    348.922     4.0522    91.1237     0.3718     0.0281     4.3287    914.542  -69.98304    5.52158    33.8183    33.8175    33.9824    33.9817    -1.5563    -1.5554 0.0000e+00
     52.498    -1.5595    -1.5588   2.687893   2.687902    348.853     4.0572    91.1279     0.3716     0.0281     4.3289    914.583  -69.98304    5.52158    33.8188    33.8181    33.9829    33.9822    -1.5562    -1.5555 0.0000e+00
     52.541    -1.5596    -1.5585   2.687935   2.687907    348.833     4.0607    91.1237     0.3718     0.0281     4.3287    914.625  -69.98304    5.52158    33.8194    33.8178    33.9836    33.9819    -1.5563    -1.5552 0.0000e+00
     52.585    -1.5595    -1.5585   2.687952   2.687907    348.866     4.0633    91.1197     0.3720     0.0281     4.3285    914.667  -69.98304    5.52158    33.8195    33.8178    33.9837    33.9819    -1.5562    -1.5552 0.0000e+00
     52.629    -1.5595    -1.5585   2.687958   2.687963    348.906     4.0652    91.1249     0.3718     0.0281     4.3288    914.708  -69.98304    5.52158    33.8196    33.8185    33.9837    33.9827    -1.5562    -1.5552 0.0000e+00
     52.671    -1.5594    -1.5584   2.687941   2.687952    348.866     4.0665    91.1352     0.3713     0.0281     4.3293    914.750  -69.98304    5.52158    33.8192    33.8182    33.9834    33.9824    -1.5561    -1.5551 0.0000e+00
     52.713    -1.5593    -1.5585   2.687942   2.687958    348.766     4.0674    91.1403     0.3711     0.0281     4.3296    914.792  -69.98304    5.52158    33.8191    33.8184    33.9832    33.9825    -1.5560    -1.5552 0.0000e+00
     52.755    -1.5590    -1.5582   2.687953   2.687981    348.652     4.0678    91.1351     0.3714     0.0281     4.3293    914.833  -69.98304    5.52158    33.8189    33.8184    33.9830    33.9825    -1.5557    -1.5549 0.0000e+00
     52.798    -1.5592    -1.5580   2.687977   2.688003    348.576     4.0677    91.1247     0.3718     0.0281     4.3288    914.875  -69.98304    5.52158    33.8194    33.8184    33.9836    33.9825    -1.5559    -1.5547 0.0000e+00
     52.840    -1.5592    -1.5582   2.688007   2.688015    348.554     4.0674    91.1185     0.3721     0.0281     4.3284    914.917  -69.98304    5.52158    33.8198    33.8188    33.9839    33.9829    -1.5559    -1.5549 0.0000e+00
     52.883    -1.5592    -1.5580   2.687995   2.688015    348.586     4.0671    91.1169     0.3721     0.0281     4.3284    914.958  -69.98304    5.52158    33.8196    33.8185    33.9838    33.9827    -1.5559    -1.5547 0.0000e+00
     52.925    -1.5592    -1.5582   2.688018   2.688031    348.667     4.0667    91.1140     0.3722     0.0281     4.3282    915.000  -69.98304    5.52158    33.8199    33.8189    33.9840    33.9831    -1.5559    -1.5549 0.0000e+00
     52.966    -1.5592    -1.5584   2.688030   2.688069    348.726     4.0660    91.0992     0.3729     0.0281     4.3276    915.042  -69.98304    5.52158    33.8200    33.8197    33.9842    33.9838    -1.5559    -1.5551 0.0000e+00
     53.007    -1.5593    -1.5582   2.688088   2.688109    348.700     4.0648    91.0656     0.3744     0.0281     4.3260    915.083  -69.98304    5.52158    33.8209    33.8200    33.9851    33.9841    -1.5560    -1.5549 0.0000e+00
     53.048    -1.5592    -1.5584   2.688095   2.688136    348.608     4.0630    91.0320     0.3758     0.0281     4.3245    915.125  -69.98304    5.52158    33.8209    33.8205    33.9850    33.9847    -1.5559    -1.5551 0.0000e+00
     53.089    -1.5595    -1.5582   2.688118   2.688143    348.542     4.0606    91.0173     0.3764     0.0281     4.3238    915.167  -69.98304    5.52158    33.8215    33.8204    33.9857    33.9845    -1.5562    -1.5549 0.0000e+00
     53.129    -1.5593    -1.5584   2.688135   2.688159    348.568     4.0574    91.0146     0.3766     0.0281     4.3236    915.208  -69.98304    5.52158    33.8215    33.8208    33.9857    33.9850    -1.5560    -1.5551 0.0000e+00
     53.170    -1.5594    -1.5584   2.688141   2.688220    348.627     4.0534    91.0141     0.3766     0.0281     4.3236    915.250  -69.98304    5.52158    33.8217    33.8216    33.9858    33.9858    -1.5561    -1.5551 0.0000e+00
     53.213    -1.5595    -1.5582   2.688177   2.688244    348.637     4.0480    91.0140     0.3766     0.0280     4.3236    915.292  -69.98304    5.52158    33.8223    33.8217    33.9864    33.9859    -1.5562    -1.5549 0.0000e+00
     53.256    -1.5593    -1.5587   2.688189   2.688219    348.678     4.0407    91.0140     0.3766     0.0278     4.3236    915.333  -69.98304    5.52158    33.8222    33.8219    33.9863    33.9861    -1.5560    -1.5554 0.0000e+00
     53.297    -1.5596    -1.5584   2.688182   2.688198    348.780     4.0312    91.0140     0.3766     0.0276     4.3236    915.375  -69.98304    5.52158    33.8224    33.8212    33.9866    33.9854    -1.5563    -1.5551 0.0000e+00
     53.338    -1.5595    -1.5585   2.688206   2.688248    348.809     4.0187    91.0140     0.3766     0.0278     4.3236    915.417  -69.98304    5.52158    33.8226    33.8220    33.9867    33.9862    -1.5562    -1.5552 0.0000e+00
     53.380    -1.5594    -1.5587   2.688218   2.688225    348.752     4.0023    91.0140     0.3766     0.0281     4.3236    915.458  -69.98304    5.52158    33.8226    33.8219    33.9868    33.9861    -1.5561    -1.5554 0.0000e+00
     53.421    -1.5596    -1.5585   2.688235   2.688271    348.716     3.9807    91.0140     0.3766     0.0281     4.3236    915.500  -69.98304    5.52158    33.8230    33.8223    33.9872    33.9865    -1.5563    -1.5552 0.0000e+00
     53.460    -1.5593    -1.5585   2.688236   2.688259    348.721     3.9536    91.0140     0.3766     0.0281     4.3236    915.542  -69.98304    5.52158    33.8227    33.8221    33.9869    33.9863    -1.5560    -1.5552 0.0000e+00
     53.499    -1.5596    -1.5587   2.688235   2.688281    348.737     3.9241    91.0140     0.3766     0.0281     4.3236    915.583  -69.98304    5.52158    33.8230    33.8226    33.9872    33.9868    -1.5563    -1.5554 0.0000e+00
     53.539    -1.5596    -1.5585   2.688276   2.688310    348.750     3.8982    91.0140     0.3766     0.0281     4.3236    915.625  -69.98304    5.52158    33.8235    33.8228    33.9877    33.9869    -1.5563    -1.5552 0.0000e+00
     53.581    -1.5596    -1.5587   2.688294   2.688337    348.719     3.8785    91.0140     0.3766     0.0281     4.3236    915.667  -69.98304    5.52158    33.8238    33.8233    33.9879    33.9875    -1.5563    -1.5554 0.0000e+00
     53.623    -1.5597    -1.5588   2.688329   2.688359    348.643     3.8641    91.0141     0.3766     0.0281     4.3236    915.708  -69.98304    5.52158    33.8243    33.8237    33.9885    33.9879    -1.5564    -1.5555 0.0000e+00
     53.664    -1.5599    -1.5588   2.688334   2.688370    348.594     3.8533    91.0144     0.3766     0.0281     4.3236    915.750  -69.98304    5.52156    33.8246    33.8238    33.9888    33.9880    -1.5566    -1.5555 0.0000e+00
     53.706    -1.5598    -1.5588   2.688359   2.688409    348.579     3.8452    91.0161     0.3765     0.0281     4.3237    915.792  -69.98304    5.52156    33.8248    33.8244    33.9890    33.9885    -1.5565    -1.5555 0.0000e+00
     53.748    -1.5599    -1.5588   2.688352   2.688398    348.558     3.8391    91.0254     0.3761     0.0281     4.3241    915.833  -69.98304    5.52156    33.8248    33.8242    33.9890    33.9884    -1.5566    -1.5555 0.0000e+00
     53.791    -1.5598    -1.5590   2.688365   2.688392    348.525     3.8347    91.0771     0.3738     0.0281     4.3266    915.875  -69.98304    5.52156    33.8248    33.8243    33.9890    33.9885    -1.5565    -1.5557 0.0000e+00
     53.833    -1.5599    -1.5588   2.688370   2.688415    348.446     3.8314    91.2198     0.3676     0.0281     4.3333    915.917  -69.98304    5.52156    33.8250    33.8244    33.9892    33.9885    -1.5566    -1.5555 0.0000e+00
     53.873    -1.5599    -1.5590   2.688381   2.688436    348.320     3.8291    91.4089     0.3593     0.0281     4.3422    915.958  -69.98304    5.52156    33.8251    33.8249    33.9893    33.9890    -1.5566    -1.5557 0.0000e+00
     53.912    -1.5599    -1.5591   2.688387   2.688425    348.222     3.8276    91.5317     0.3540     0.0281     4.3481    916.000  -69.98304    5.52156    33.8252    33.8248    33.9894    33.9890    -1.5566    -1.5558 0.0000e+00
     53.951    -1.5601    -1.5590   2.688375   2.688459    348.162     3.8268    91.5651     0.3525     0.0281     4.3497    916.042  -69.98304    5.52156    33.8252    33.8251    33.9894    33.9893    -1.5568    -1.5557 0.0000e+00
     53.990    -1.5599    -1.5590   2.688423   2.688453    348.074     3.8265    91.5617     0.3526     0.0281     4.3495    916.083  -69.98304    5.52156    33.8256    33.8250    33.9898    33.9892    -1.5566    -1.5557 0.0000e+00
     54.030    -1.5599    -1.5591   2.688429   2.688442    347.994     3.8268    91.5567     0.3529     0.0281     4.3492    916.125  -69.98304    5.52156    33.8257    33.8250    33.9899    33.9891    -1.5566    -1.5558 0.0000e+00
     54.071    -1.5601    -1.5590   2.688411   2.688442    347.996     3.8278    91.5558     0.3529     0.0281     4.3492    916.167  -69.98304    5.52156    33.8256    33.8248    33.9898    33.9890    -1.5568    -1.5557 0.0000e+00
     54.112    -1.5602    -1.5590   2.688416   2.688487    348.012     3.8294    91.5556     0.3529     0.0281     4.3492    916.208  -69.98304    5.52156    33.8258    33.8254    33.9900    33.9896    -1.5569    -1.5557 0.0000e+00
     54.152    -1.5599    -1.5591   2.688440   2.688498    347.993     3.8318    91.5556     0.3529     0.0281     4.3492    916.250  -69.98304    5.52156    33.8258    33.8257    33.9900    33.9898    -1.5566    -1.5558 0.0000e+00
     54.193    -1.5601    -1.5588   2.688446   2.688515    347.981     3.8351    91.5556     0.3529     0.0281     4.3492    916.292  -69.98304    5.52156    33.8260    33.8255    33.9902    33.9897    -1.5568    -1.5555 0.0000e+00
     54.233    -1.5599    -1.5590   2.688458   2.688487    347.973     3.8398    91.5556     0.3529     0.0281     4.3492    916.333  -69.98304    5.52156    33.8260    33.8253    33.9902    33.9895    -1.5566    -1.5557 0.0000e+00
     54.273    -1.5601    -1.5590   2.688464   2.688509    347.914     3.8461    91.5556     0.3529     0.0281     4.3492    916.375  -69.98304    5.52156    33.8262    33.8256    33.9904    33.9898    -1.5568    -1.5557 0.0000e+00
     54.313    -1.5600    -1.5593   2.688452   2.688519    347.794     3.8544    91.5556     0.3529     0.0281     4.3492    916.417  -69.98304    5.52156    33.8259    33.8261    33.9901    33.9903    -1.5567    -1.5560 0.0000e+00
     54.352    -1.5601    -1.5591   2.688464   2.688487    347.702     3.8656    91.5556     0.3529     0.0281     4.3492    916.458  -69.98304    5.52156    33.8262    33.8254    33.9904    33.9896    -1.5568    -1.5558 0.0000e+00
     54.391    -1.5598    -1.5590   2.688470   2.688492    347.661     3.8804    91.5556     0.3529     0.0281     4.3492    916.500  -69.98304    5.52156    33.8259    33.8253    33.9901    33.9895    -1.5565    -1.5557 0.0000e+00
     54.431    -1.5600    -1.5593   2.688446   2.688497    347.587     3.9000    91.5556     0.3529     0.0281     4.3492    916.542  -69.98304    5.52156    33.8258    33.8257    33.9900    33.9899    -1.5567    -1.5560 0.0000e+00
     54.471    -1.5598    -1.5590   2.688458   2.688476    347.462     3.9260    91.5556     0.3529     0.0281     4.3492    916.583  -69.98304    5.52156    33.8257    33.8250    33.9899    33.9892    -1.5565    -1.5557 0.0000e+00
     54.511    -1.5598    -1.5590   2.688435   2.688470    347.400     3.9593    91.5555     0.3529     0.0281     4.3492    916.625  -69.98304    5.52156    33.8254    33.8249    33.9895    33.9891    -1.5565    -1.5557 0.0000e+00
     54.550    -1.5597    -1.5590   2.688441   2.688470    347.387     3.9968    91.5549     0.3529     0.0281     4.3492    916.667  -69.98304    5.52156    33.8253    33.8249    33.9895    33.9891    -1.5564    -1.5557 0.0000e+00
     54.591    -1.5601    -1.5590   2.688463   2.688470    347.323     4.0310    91.5515     0.3531     0.0280     4.3490    916.708  -69.98304    5.52156    33.8260    33.8249    33.9902    33.9891    -1.5568    -1.5557 0.0000e+00
     54.632    -1.5599    -1.5588   2.688464   2.688487    347.261     4.0574    91.5328     0.3539     0.0278     4.3481    916.750  -69.98304    5.52156    33.8258    33.8249    33.9900    33.9891    -1.5566    -1.5555 0.0000e+00
     54.671    -1.5600    -1.5588   2.688464   2.688498    347.227     4.0768    91.5011     0.3553     0.0275     4.3466    916.792  -69.98304    5.52156    33.8259    33.8250    33.9901    33.9892    -1.5567    -1.5555 0.0000e+00
     54.712    -1.5599    -1.5588   2.688470   2.688498    347.180     4.0912    91.4824     0.3561     0.0275     4.3457    916.833  -69.98304    5.52156    33.8258    33.8250    33.9900    33.9892    -1.5566    -1.5555 0.0000e+00
