tests/test_data/sbe_files/sbe911plus/troll_transect_22_23/006.cnv
* Sea-Bird SBE 9 Data File:
* FileName = C:\Documents and Settings\ctd\Desktop\TrollTransect_22_23\data\006.hex
* Software Version Seasave V 7.21b
* Temperature SN = 4771
* Conductivity SN = 3742
* Number of Bytes Per Scan = 48
* Number of Voltage Words = 5
* Number of Scans Averaged by the Deck Unit = 1
* NMEA Latitude = 69 58.17 S
* NMEA Longitude = 006 12.10 E
* NMEA UTC (Time) = Jan 23 2023  20:37:55
* NMEA baud rate = 4800
** Cruise: Troll Transect 22 23
** Ship: Silver Arctic
** Station (File Number):  006
** Latitude:
** Longitude:
** Echodepth (m):
** Seastate:
# nquan = 21                                
# nvalues = 56572                       
# units = specified
# name 0 = prDM: Pressure, Digiquartz [db]
# name 1 = t090C: Temperature [ITS-90, deg C]
# name 2 = t190C: Temperature, 2 [ITS-90, deg C]
# name 3 = c0S/m: Conductivity [S/m]
# name 4 = c1S/m: Conductivity, 2 [S/m]
# name 5 = sbox0Mm/Kg: Oxygen, SBE 43 [umol/kg]
# name 6 = flECO-AFL: Fluorescence, WET Labs ECO-AFL/FL [mg/m^3]
# name 7 = xmiss: Beam Transmission, Chelsea/Seatech [%]
# name 8 = bat: Beam Attenuation, Chelsea/Seatech [1/m]
# name 9 = v1: Voltage 1
# name 10 = v2: Voltage 2
# name 11 = timeS: Time, Elapsed [seconds]
# name 12 = latitude: Latitude [deg]
# name 13 = longitude: Longitude [deg]
# name 14 = sal00: Salinity, Practical [PSU]
# name 15 = sal11: Salinity, Practical, 2 [PSU]
# name 16 = gsw_saA0: Absolute Salinity [g/kg]
# name 17 = gsw_saA1: Absolute Salinity, 2 [g/kg]
# name 18 = gsw_ctA0: Conservative Temperature [ITS-90, deg C]
# name 19 = gsw_ctA1: Conservative Temperature, 2 [ITS-90, deg C]
# name 20 = flag: flag
# span 0 =     -0.154,    756.428       
# span 1 =    -1.7903,     0.3260       
# span 2 =    -1.7895,     0.3488       
# span 3 =  -0.072966,   2.936277       
# span 4 =  -0.000054,   2.936836       
# span 5 =    184.913,    435.921       
# span 6 =    -0.0407,     6.4076       
# span 7 =    81.6972,    98.2098       
# span 8 =     0.0722,     0.8088       
# span 9 =     0.0085,     0.1059       
# span 10 =     3.8825,     4.6642      
# span 11 =      0.000,   2357.125      
# span 12 =  -69.96962,  -69.96944      
# span 13 =    6.20136,    6.20188      
# span 14 =     0.0000,    34.8486      
# span 15 =    -0.0020,    35.0621      
# span 16 =     0.0000,    35.0174      
# span 17 =    -0.0020,    35.2320      
# span 18 =    -1.7916,     0.2941      
# span 19 =    -1.7908,     0.2980      
# span 20 = 0.0000e+00, 0.0000e+00      
# interval = seconds: 0.0416667
# start_time = Jan 23 2023 20:37:56 [NMEA time, first data scan]
# bad_flag = -9.990e-29
*END*
[from data line 1173]
     22.739    -1.5614    -1.5591   2.694254   2.694339    342.641     3.0806    92.1942     0.3251     0.0269     4.3794    662.625  -69.96958    6.20180    33.9279    33.9265    34.0922    34.0908    -1.5577    -1.5554 0.0000e+00
     22.760    -1.5618    -1.5591   2.694271   2.694311    342.605     3.0570    92.2907     0.3209     0.0270     4.3840    662.667  -69.96958    6.20180    33.9286    33.9261    34.0929    34.0904    -1.5581    -1.5554 0.0000e+00
     22.781    -1.5616    -1.5593   2.694272   2.694316    342.558     3.0295    92.3392     0.3188     0.0272     4.3863    662.708  -69.96958    6.20180    33.9284    33.9264    34.0927    34.0907    -1.5579    -1.5556 0.0000e+00
     22.801    -1.5617    -1.5595   2.694247   2.694304    342.510     3.0033    92.3523     0.3182     0.0274     4.3869    662.750  -69.96958    6.20180    33.9282    33.9264    34.0925    34.0907    -1.5580    -1.5558 0.0000e+00
     22.823    -1.5618    -1.5595   2.694242   2.694316    342.471     2.9823    92.3546     0.3181     0.0272     4.3871    662.792  -69.96958    6.20180    33.9282    33.9266    34.0925    34.0909    -1.5581    -1.5558 0.0000e+00
     22.844    -1.5618    -1.5594   2.694236   2.694305    342.448     2.9667    92.3549     0.3181     0.0269     4.3871    662.833  -69.96958    6.20180    33.9281    33.9263    34.0924    34.0906    -1.5581    -1.5557 0.0000e+00
     22.864    -1.5619    -1.5599   2.694218   2.694260    342.436     2.9551    92.3539     0.3182     0.0269     4.3870    662.875  -69.96958    6.20180    33.9279    33.9262    34.0922    34.0905    -1.5582    -1.5562 0.0000e+00
     22.885    -1.5622    -1.5600   2.694199   2.694187    342.426     2.9463    92.3478     0.3184     0.0269     4.3867    662.917  -69.96958    6.20180    33.9280    33.9253    34.0923    34.0896    -1.5585    -1.5563 0.0000e+00
     22.906    -1.5622    -1.5604   2.694171   2.694186    342.416     2.9398    92.3381     0.3189     0.0270     4.3862    662.958  -69.96958    6.20180    33.9276    33.9258    34.0919    34.0900    -1.5585    -1.5567 0.0000e+00
     22.927    -1.5619    -1.5602   2.694165   2.694247    342.405     2.9351    92.3372     0.3189     0.0272     4.3862    663.000  -69.96958    6.20180    33.9272    33.9264    34.0915    34.0907    -1.5582    -1.5565 0.0000e+00
     22.948    -1.5619    -1.5604   2.694219   2.694231    342.403     2.9316    92.3414     0.3187     0.0274     4.3864    663.042  -69.96958    6.20180    33.9279    33.9264    34.0922    34.0906    -1.5582    -1.5567 0.0000e+00
     22.970    -1.5619    -1.5605   2.694225   2.694219    342.408     2.9292    92.3422     0.3187     0.0272     4.3864    663.083  -69.96958    6.20180    33.9280    33.9263    34.0923    34.0906    -1.5582    -1.5568 0.0000e+00
     22.991    -1.5619    -1.5605   2.694219   2.694236    342.399     2.9276    92.3425     0.3187     0.0269     4.3864    663.125  -69.96958    6.20180    33.9279    33.9265    34.0922    34.0908    -1.5582    -1.5568 0.0000e+00
     23.014    -1.5619    -1.5599   2.694219   2.694327    342.342     2.9264    92.3434     0.3186     0.0269     4.3865    663.167  -69.96958    6.20180    33.9279    33.9271    34.0922    34.0914    -1.5582    -1.5562 0.0000e+00
     23.036    -1.5615    -1.5599   2.694202   2.694311    342.285     2.9257    92.3486     0.3184     0.0269     4.3868    663.208  -69.96958    6.20180    33.9272    33.9268    34.0915    34.0911    -1.5578    -1.5562 0.0000e+00
     23.057    -1.5618    -1.5599   2.694195   2.694300    342.310     2.9256    92.3529     0.3182     0.0269     4.3870    663.250  -69.96958    6.20180    33.9274    33.9267    34.0917    34.0910    -1.5581    -1.5562 0.0000e+00
     23.077    -1.5616    -1.5597   2.694214   2.694300    342.357     2.9260    92.3486     0.3184     0.0269     4.3868    663.292  -69.96958    6.20180    33.9274    33.9264    34.0917    34.0907    -1.5579    -1.5560 0.0000e+00
     23.097    -1.5615    -1.5602   2.694202   2.694276    342.367     2.9272    92.3433     0.3186     0.0269     4.3865    663.333  -69.96958    6.20180    33.9271    33.9267    34.0914    34.0910    -1.5578    -1.5565 0.0000e+00
     23.118    -1.5613    -1.5604   2.694174   2.694254    342.365     2.9290    92.3418     0.3186     0.0269     4.3865    663.375  -69.96958    6.20180    33.9265    33.9266    34.0908    34.0909    -1.5576    -1.5567 0.0000e+00
     23.139    -1.5616    -1.5602   2.694185   2.694248    342.317     2.9317    92.3386     0.3188     0.0269     4.3863    663.417  -69.96958    6.20180    33.9270    33.9262    34.0913    34.0905    -1.5579    -1.5565 0.0000e+00
     23.160    -1.5614    -1.5607   2.694174   2.694203    342.212     2.9354    92.3458     0.3185     0.0269     4.3866    663.458  -69.96958    6.20180    33.9266    33.9262    34.0909    34.0905    -1.5577    -1.5570 0.0000e+00
     23.182    -1.5613    -1.5607   2.694203   2.694192    342.126     2.9405    92.3660     0.3176     0.0269     4.3875    663.500  -69.96958    6.20180    33.9268    33.9260    34.0911    34.0903    -1.5576    -1.5570 0.0000e+00
     23.204    -1.5612    -1.5605   2.694257   2.694209    342.095     2.9473    92.3783     0.3171     0.0269     4.3882    663.542  -69.96958    6.20180    33.9275    33.9260    34.0918    34.0903    -1.5575    -1.5568 0.0000e+00
     23.226    -1.5613    -1.5607   2.694274   2.694220    342.131     2.9560    92.3805     0.3170     0.0269     4.3883    663.583  -69.96958    6.20180    33.9278    33.9264    34.0921    34.0907    -1.5576    -1.5570 0.0000e+00
     23.248    -1.5613    -1.5605   2.694292   2.694243    342.214     2.9676    92.3809     0.3170     0.0269     4.3883    663.625  -69.96958    6.20180    33.9280    33.9264    34.0923    34.0907    -1.5576    -1.5568 0.0000e+00
     23.269    -1.5614    -1.5607   2.694333   2.694203    342.266     2.9831    92.3810     0.3170     0.0269     4.3883    663.667  -69.96958    6.20180    33.9287    33.9261    34.0930    34.0904    -1.5577    -1.5570 0.0000e+00
     23.290    -1.5613    -1.5604   2.694328   2.694232    342.279     3.0036    92.3810     0.3170     0.0269     4.3883    663.708  -69.96958    6.20180    33.9285    33.9262    34.0928    34.0904    -1.5576    -1.5567 0.0000e+00
     23.310    -1.5615    -1.5605   2.694304   2.694265    342.288     3.0308    92.3810     0.3170     0.0269     4.3883    663.750  -69.96958    6.20180    33.9284    33.9267    34.0927    34.0910    -1.5578    -1.5568 0.0000e+00
     23.331    -1.5619    -1.5607   2.694297   2.694288    342.302     3.0632    92.3810     0.3170     0.0269     4.3883    663.792  -69.96958    6.20180    33.9287    33.9272    34.0930    34.0915    -1.5582    -1.5570 0.0000e+00
     23.352    -1.5615    -1.5604   2.694315   2.694283    342.312     3.0950    92.3810     0.3170     0.0269     4.3883    663.833  -69.96958    6.20180    33.9285    33.9268    34.0928    34.0911    -1.5578    -1.5567 0.0000e+00
     23.374    -1.5609    -1.5604   2.694341   2.694272    342.265     3.1209    92.3810     0.3170     0.0270     4.3883    663.875  -69.96958    6.20180    33.9282    33.9267    34.0925    34.0909    -1.5572    -1.5567 0.0000e+00
     23.397    -1.5611    -1.5605   2.694353   2.694289    342.162     3.1403    92.3808     0.3170     0.0272     4.3883    663.917  -69.96958    6.20180    33.9286    33.9270    34.0929    34.0913    -1.5574    -1.5568 0.0000e+00
     23.420    -1.5612    -1.5607   2.694370   2.694299    342.085     3.1548    92.3799     0.3171     0.0274     4.3882    663.958  -69.96958    6.20180    33.9289    33.9273    34.0932    34.0916    -1.5575    -1.5570 0.0000e+00
     23.442    -1.5612    -1.5605   2.694334   2.694300    342.058     3.1656    92.3747     0.3173     0.0272     4.3880    664.000  -69.96958    6.20180    33.9284    33.9271    34.0927    34.0914    -1.5575    -1.5568 0.0000e+00
     23.464    -1.5609    -1.5605   2.694341   2.694283    342.096     3.1737    92.3704     0.3175     0.0269     4.3878    664.042  -69.96958    6.20180    33.9281    33.9269    34.0924    34.0912    -1.5572    -1.5568 0.0000e+00
     23.486    -1.5605    -1.5607   2.694354   2.694293    342.191     3.1799    92.3747     0.3173     0.0269     4.3880    664.083  -69.96958    6.20180    33.9278    33.9272    34.0921    34.0915    -1.5568    -1.5570 0.0000e+00
     23.508    -1.5599    -1.5609   2.694374   2.694299    342.256     3.1848    92.3795     0.3171     0.0269     4.3882    664.125  -69.96958    6.20180    33.9274    33.9275    34.0917    34.0918    -1.5562    -1.5572 0.0000e+00
     23.529    -1.5594    -1.5609   2.694416   2.694299    342.265     3.1886    92.3790     0.3171     0.0270     4.3882    664.167  -69.96958    6.20180    33.9274    33.9275    34.0917    34.0918    -1.5557    -1.5572 0.0000e+00
     23.551    -1.5590    -1.5605   2.694436   2.694317    342.218     3.1915    92.3712     0.3174     0.0272     4.3878    664.208  -69.96958    6.20180    33.9272    33.9273    34.0915    34.0916    -1.5553    -1.5568 0.0000e+00
     23.573    -1.5590    -1.5597   2.694436   2.694324    342.122     3.1939    92.3271     0.3193     0.0274     4.3857    664.250  -69.96958    6.20180    33.9272    33.9265    34.0915    34.0907    -1.5553    -1.5560 0.0000e+00
     23.595    -1.5588    -1.5591   2.694436   2.694349    342.054     3.1961    92.2023     0.3247     0.0272     4.3798    664.292  -69.96958    6.20180    33.9270    33.9261    34.0913    34.0904    -1.5551    -1.5554 0.0000e+00
     23.618    -1.5589    -1.5590   2.694412   2.694332    342.043     3.1982    92.0363     0.3320     0.0272     4.3720    664.333  -69.96958    6.20180    33.9267    33.9257    34.0910    34.0900    -1.5552    -1.5553 0.0000e+00
     23.642    -1.5586    -1.5591   2.694425   2.694326    342.098     3.2003    91.9314     0.3365     0.0274     4.3670    664.375  -69.96958    6.20180    33.9266    33.9257    34.0908    34.0900    -1.5549    -1.5554 0.0000e+00
     23.666    -1.5585    -1.5595   2.694437   2.694359    342.198     3.2025    91.9056     0.3376     0.0272     4.3658    664.417  -69.96958    6.20180    33.9266    33.9266    34.0909    34.0909    -1.5548    -1.5558 0.0000e+00
     23.689    -1.5586    -1.5591   2.694413   2.694343    342.258     3.2049    91.9103     0.3374     0.0269     4.3660    664.458  -69.96958    6.20180    33.9264    33.9260    34.0906    34.0902    -1.5549    -1.5554 0.0000e+00
     23.712    -1.5584    -1.5596   2.694443   2.694309    342.229     3.2080    91.9156     0.3371     0.0269     4.3663    664.500  -69.96958    6.20180    33.9265    33.9260    34.0908    34.0903    -1.5547    -1.5559 0.0000e+00
     23.735    -1.5584    -1.5593   2.694460   2.694321    342.144     3.2120    91.9165     0.3371     0.0269     4.3663    664.542  -69.96958    6.20180    33.9267    33.9258    34.0910    34.0901    -1.5547    -1.5556 0.0000e+00
     23.759    -1.5587    -1.5593   2.694443   2.694360    342.085     3.2171    91.9167     0.3371     0.0269     4.3663    664.583  -69.96958    6.20180    33.9268    33.9264    34.0911    34.0907    -1.5550    -1.5556 0.0000e+00
     23.783    -1.5588    -1.5587   2.694412   2.694395    342.073     3.2236    91.9167     0.3371     0.0269     4.3663    664.625  -69.96958    6.20180    33.9265    33.9262    34.0908    34.0905    -1.5551    -1.5550 0.0000e+00
     23.806    -1.5589    -1.5584   2.694406   2.694407    342.107     3.2318    91.9167     0.3371     0.0269     4.3663    664.667  -69.96958    6.20180    33.9265    33.9260    34.0908    34.0903    -1.5552    -1.5547 0.0000e+00
     23.830    -1.5590    -1.5583   2.694424   2.694408    342.139     3.2426    91.9167     0.3371     0.0269     4.3663    664.708  -69.96958    6.20180    33.9269    33.9259    34.0912    34.0901    -1.5553    -1.5546 0.0000e+00
     23.854    -1.5592    -1.5582   2.694412   2.694408    342.057     3.2569    91.9167     0.3371     0.0270     4.3663    664.750  -69.96958    6.20180    33.9269    33.9257    34.0912    34.0900    -1.5555    -1.5545 0.0000e+00
     23.878    -1.5596    -1.5579   2.694388   2.694425    341.964     3.2757    91.9167     0.3371     0.0272     4.3663    664.792  -69.96958    6.20180    33.9270    33.9256    34.0913    34.0899    -1.5559    -1.5542 0.0000e+00
     23.903    -1.5601    -1.5578   2.694321   2.694453    341.978     3.3005    91.9167     0.3371     0.0274     4.3663    664.833  -69.96958    6.20180    33.9267    33.9259    34.0910    34.0902    -1.5564    -1.5541 0.0000e+00
     23.928    -1.5600    -1.5578   2.694263   2.694442    342.015     3.3309    91.9167     0.3371     0.0272     4.3663    664.875  -69.96958    6.20180    33.9257    33.9257    34.0900    34.0900    -1.5563    -1.5541 0.0000e+00
     23.952    -1.5607    -1.5580   2.694231   2.694420    342.023     3.3619    91.9167     0.3371     0.0272     4.3663    664.917  -69.96958    6.20180    33.9261    33.9256    34.0904    34.0899    -1.5570    -1.5543 0.0000e+00
     23.975    -1.5607    -1.5579   2.694207   2.694386    342.028     3.3880    91.9168     0.3371     0.0274     4.3663    664.958  -69.96958    6.20180    33.9257    33.9250    34.0900    34.0893    -1.5570    -1.5542 0.0000e+00
     23.998    -1.5611    -1.5584   2.694159   2.694363    342.040     3.4076    91.9174     0.3371     0.0272     4.3663    665.000  -69.96958    6.20180    33.9255    33.9252    34.0898    34.0895    -1.5574    -1.5547 0.0000e+00
     24.022    -1.5607    -1.5584   2.694148   2.694357    342.093     3.4221    91.9208     0.3369     0.0272     4.3665    665.042  -69.96958    6.20180    33.9249    33.9251    34.0892    34.0894    -1.5570    -1.5547 0.0000e+00
     24.046    -1.5609    -1.5585   2.694166   2.694374    342.147     3.4329    91.9393     0.3361     0.0274     4.3674    665.083  -69.96958    6.20180    33.9253    33.9255    34.0896    34.0898    -1.5572    -1.5548 0.0000e+00
     24.071    -1.5609    -1.5585   2.694207   2.694385    342.129     3.4409    92.0179     0.3327     0.0272     4.3711    665.125  -69.96958    6.20180    33.9259    33.9256    34.0902    34.0899    -1.5572    -1.5548 0.0000e+00
     24.095    -1.5609    -1.5585   2.694184   2.694363    342.095     3.4469    92.1610     0.3265     0.0269     4.3779    665.167  -69.96958    6.20180    33.9255    33.9253    34.0898    34.0896    -1.5572    -1.5548 0.0000e+00
     24.119    -1.5607    -1.5588   2.694190   2.694295    342.084     3.4512    92.2773     0.3214     0.0269     4.3833    665.208  -69.96958    6.20180    33.9254    33.9247    34.0897    34.0890    -1.5570    -1.5551 0.0000e+00
     24.143    -1.5607    -1.5591   2.694202   2.694294    342.072     3.4543    92.3200     0.3196     0.0270     4.3853    665.250  -69.96958    6.20180    33.9255    33.9250    34.0898    34.0893    -1.5570    -1.5554 0.0000e+00
     24.167    -1.5603    -1.5591   2.694220   2.694305    342.069     3.4563    92.3275     0.3193     0.0272     4.3857    665.292  -69.96958    6.20180    33.9253    33.9251    34.0896    34.0894    -1.5566    -1.5554 0.0000e+00
     24.193    -1.5599    -1.5591   2.694264   2.694288    342.076     3.4574    92.3278     0.3193     0.0274     4.3857    665.333  -69.96958    6.20180    33.9255    33.9249    34.0897    34.0892    -1.5562    -1.5554 0.0000e+00
     24.219    -1.5597    -1.5591   2.694299   2.694299    342.086     3.4578    92.3219     0.3195     0.0272     4.3854    665.375  -69.96958    6.20180    33.9257    33.9250    34.0900    34.0893    -1.5560    -1.5554 0.0000e+00
     24.244    -1.5596    -1.5593   2.694323   2.694305    342.097     3.4573    92.3123     0.3200     0.0270     4.3850    665.417  -69.96958    6.20180    33.9259    33.9253    34.0902    34.0896    -1.5559    -1.5556 0.0000e+00
