tests/test_data/sbe_files/sbe911plus/troll_transect_22_23/006.cnv
* Sea-Bird SBE 9 Data File:
* FileName = C:\Documents and Settings\ctd\Desktop\TrollTransect_22_23\data\006.hex
* Software Version Seasave V 7.21b
* Temperature SN = 4771
* Conductivity SN = 3742
* Number of Bytes Per Scan = 48
* Number of Voltage Words = 5
* Number of Scans Averaged by the Deck Unit = 1
* NMEA Latitude = 69 58.17 S
* NMEA Longitude = 006 12.10 E
* NMEA UTC (Time) = Jan 23 2023  20:37:55
* NMEA baud rate = 4800
** Cruise: Troll Transect 22 23
** Ship: Silver Arctic
** Station (File Number):  006
** Latitude:
** Longitude:
** Echodepth (m):
** Seastate:
# nquan = 21                                
# nvalues = 56572                       
# units = specified
# name 0 = prDM: Pressure, Digiquartz [db]
# name 1 = t090C: Temperature [ITS-90, deg C]
# name 2 = t190C: Temperature, 2 [ITS-90, deg C]
# name 3 = c0S/m: Conductivity [S/m]
# name 4 = c1S/m: Conductivity, 2 [S/m]
# name 5 = sbox0Mm/Kg: Oxygen, SBE 43 [umol/kg]
# name 6 = flECO-AFL: Fluorescence, WET Labs ECO-AFL/FL [mg/m^3]
# name 7 = xmiss: Beam Transmission, Chelsea/Seatech [%]
# name 8 = bat: Beam Attenuation, Chelsea/Seatech [1/m]
# name 9 = v1: Voltage 1
# name 10 = v2: Voltage 2
# name 11 = timeS: Time, Elapsed [seconds]
# name 12 = latitude: Latitude [deg]
# name 13 = longitude: Longitude [deg]
# name 14 = sal00: Salinity, Practical [PSU]
# name 15 = sal11: Salinity, Practical, 2 [PSU]
# name 16 = gsw_saA0: Absolute Salinity [g/kg]
# name 17 = gsw_saA1: Absolute Salinity, 2 [g/kg]
# name 18 = gsw_ctA0: Conservative Temperature [ITS-90, deg C]
# name 19 = gsw_ctA1: Conservative Temperature, 2 [ITS-90, deg C]
# name 20 = flag: flag
# span 0 =     -0.154,    756.428       
# span 1 =    -1.7903,     0.3260       
# span 2 =    -1.7895,     0.3488       
# span 3 =  -0.072966,   2.936277       
# span 4 =  -0.000054,   2.936836       
# span 5 =    184.913,    435.921       
# span 6 =    -0.0407,     6.4076       
# span 7 =    81.6972,    98.2098       
# span 8 =     0.0722,     0.8088       
# span 9 =     0.0085,     0.1059       
# span 10 =     3.8825,     4.6642      
# span 11 =      0.000,   2357.125      
# span 12 =  -69.96962,  -69.96944      
# span 13 =    6.20136,    6.20188      
# span 14 =     0.0000,    34.8486      
# span 15 =    -0.0020,    35.0621      
# span 16 =     0.0000,    35.0174      
# span 17 =    -0.0020,    35.2320      
# span 18 =    -1.7916,     0.2941      
# span 19 =    -1.7908,     0.2980      
# span 20 = 0.0000e+00, 0.0000e+00      
# interval = seconds: 0.0416667
# start_time = Jan 23 2023 20:37:56 [NMEA time, first data scan]
# bad_flag = -9.990e-29
*END*
[from data line 2414]
     67.402    -1.5137    -1.5118   2.704399   2.704496    337.085     2.1983    93.8317     0.2546     0.0232     4.4570    714.333  -69.96958    6.20180    33.9857    33.9849    34.1508    34.1500    -1.5110    -1.5091 0.0000e+00
     67.429    -1.5136    -1.5122   2.704400   2.704478    337.112     2.1998    93.8265     0.2549     0.0232     4.4567    714.375  -69.96958    6.20180    33.9856    33.9851    34.1507    34.1502    -1.5109    -1.5095 0.0000e+00
     67.458    -1.5133    -1.5125   2.704435   2.704471    337.116     2.2010    93.8256     0.2549     0.0232     4.4567    714.417  -69.96958    6.20180    33.9857    33.9853    34.1508    34.1504    -1.5106    -1.5098 0.0000e+00
     67.486    -1.5137    -1.5124   2.704452   2.704488    337.059     2.2022    93.8254     0.2549     0.0232     4.4567    714.458  -69.96958    6.20180    33.9864    33.9854    34.1515    34.1505    -1.5110    -1.5097 0.0000e+00
     67.513    -1.5151    -1.5124   2.704407   2.704477    337.083     2.2035    93.8254     0.2549     0.0232     4.4567    714.500  -69.96958    6.20180    33.9874    33.9852    34.1525    34.1504    -1.5124    -1.5097 0.0000e+00
     67.541    -1.5170    -1.5126   2.704290   2.704471    337.196     2.2051    93.8254     0.2549     0.0232     4.4567    714.542  -69.96958    6.20180    33.9879    33.9854    34.1530    34.1505    -1.5143    -1.5099 0.0000e+00
     67.570    -1.5176    -1.5130   2.704200   2.704470    337.249     2.2071    93.8254     0.2549     0.0232     4.4567    714.583  -69.96958    6.20180    33.9873    33.9858    34.1524    34.1509    -1.5149    -1.5103 0.0000e+00
     67.600    -1.5184    -1.5132   2.704162   2.704408    337.223     2.2095    93.8253     0.2549     0.0232     4.4567    714.625  -69.96958    6.20180    33.9877    33.9852    34.1528    34.1503    -1.5157    -1.5105 0.0000e+00
     67.630    -1.5202    -1.5143   2.704110   2.704388    337.229     2.2123    93.8251     0.2549     0.0232     4.4567    714.667  -69.96958    6.20180    33.9890    33.9861    34.1541    34.1512    -1.5175    -1.5116 0.0000e+00
     67.659    -1.5217    -1.5138   2.704012   2.704389    337.310     2.2159    93.8235     0.2550     0.0232     4.4566    714.708  -69.96958    6.20180    33.9893    33.9855    34.1545    34.1506    -1.5190    -1.5111 0.0000e+00
     67.688    -1.5228    -1.5138   2.703902   2.704389    337.377     2.2208    93.8150     0.2554     0.0232     4.4562    714.750  -69.96958    6.20180    33.9891    33.9855    34.1542    34.1506    -1.5201    -1.5111 0.0000e+00
     67.717    -1.5235    -1.5147   2.703841   2.704325    337.315     2.2272    93.7917     0.2564     0.0232     4.4551    714.792  -69.96958    6.20180    33.9890    33.9856    34.1541    34.1508    -1.5208    -1.5120 0.0000e+00
     67.746    -1.5242    -1.5153   2.703793   2.704267    337.197     2.2354    93.7633     0.2575     0.0232     4.4537    714.833  -69.96958    6.20180    33.9891    33.9855    34.1542    34.1506    -1.5215    -1.5126 0.0000e+00
     67.775    -1.5246    -1.5158   2.703792   2.704233    337.170     2.2462    93.7436     0.2584     0.0232     4.4528    714.875  -69.96958    6.20180    33.9895    33.9856    34.1547    34.1507    -1.5219    -1.5131 0.0000e+00
     67.804    -1.5251    -1.5161   2.703796   2.704226    337.181     2.2607    93.7315     0.2589     0.0232     4.4522    714.917  -69.96958    6.20180    33.9901    33.9858    34.1553    34.1509    -1.5224    -1.5134 0.0000e+00
     67.834    -1.5268    -1.5162   2.703756   2.704243    337.136     2.2799    93.7301     0.2590     0.0232     4.4521    714.958  -69.96958    6.20180    33.9915    33.9861    34.1567    34.1513    -1.5241    -1.5135 0.0000e+00
     67.864    -1.5289    -1.5170   2.703698   2.704213    337.103     2.3054    93.7344     0.2588     0.0232     4.4524    715.000  -69.96958    6.20180    33.9931    33.9866    34.1582    34.1517    -1.5262    -1.5143 0.0000e+00
     67.897    -1.5300    -1.5175   2.703571   2.704161    337.107     2.3379    93.7359     0.2588     0.0232     4.4524    715.042  -69.96958    6.20180    33.9926    33.9865    34.1577    34.1516    -1.5273    -1.5148 0.0000e+00
     67.929    -1.5302    -1.5177   2.703447   2.704105    337.101     2.3738    93.7402     0.2586     0.0232     4.4526    715.083  -69.96958    6.20180    33.9911    33.9859    34.1562    34.1510    -1.5275    -1.5150 0.0000e+00
     67.961    -1.5294    -1.5183   2.703461   2.704091    337.085     2.4060    93.7394     0.2586     0.0232     4.4526    715.125  -69.96958    6.20180    33.9903    33.9864    34.1555    34.1515    -1.5267    -1.5156 0.0000e+00
     67.993    -1.5285    -1.5192   2.703516   2.704050    337.069     2.4309    93.7307     0.2590     0.0232     4.4522    715.167  -69.96958    6.20180    33.9900    33.9868    34.1552    34.1519    -1.5258    -1.5165 0.0000e+00
     68.025    -1.5273    -1.5199   2.703603   2.703998    337.061     2.4494    93.7298     0.2590     0.0232     4.4521    715.208  -69.96958    6.20180    33.9898    33.9869    34.1550    34.1520    -1.5246    -1.5172 0.0000e+00
     68.057    -1.5268    -1.5207   2.703675   2.703923    337.066     2.4631    93.7331     0.2588     0.0232     4.4523    715.250  -69.96958    6.20180    33.9902    33.9867    34.1554    34.1518    -1.5241    -1.5180 0.0000e+00
     68.089    -1.5282    -1.5219   2.703666   2.703864    337.085     2.4734    93.7285     0.2590     0.0232     4.4521    715.292  -69.96958    6.20180    33.9917    33.9872    34.1568    34.1524    -1.5255    -1.5192 0.0000e+00
     68.122    -1.5296    -1.5234   2.703579   2.703788    337.114     2.4813    93.7234     0.2593     0.0232     4.4518    715.333  -69.96958    6.20180    33.9921    33.9879    34.1572    34.1530    -1.5269    -1.5207 0.0000e+00
     68.156    -1.5298    -1.5245   2.703473   2.703729    337.145     2.4872    93.7226     0.2593     0.0232     4.4518    715.375  -69.96958    6.20180    33.9908    33.9883    34.1560    34.1534    -1.5271    -1.5218 0.0000e+00
     68.190    -1.5291    -1.5256   2.703481   2.703654    337.167     2.4916    93.7234     0.2592     0.0232     4.4519    715.417  -69.96958    6.20180    33.9901    33.9885    34.1552    34.1536    -1.5264    -1.5229 0.0000e+00
     68.224    -1.5291    -1.5265   2.703516   2.703617    337.137     2.4946    93.7285     0.2590     0.0232     4.4521    715.458  -69.96958    6.20180    33.9906    33.9890    34.1557    34.1541    -1.5264    -1.5238 0.0000e+00
     68.258    -1.5306    -1.5267   2.703506   2.703589    337.051     2.4966    93.7332     0.2588     0.0232     4.4523    715.500  -69.96958    6.20180    33.9921    33.9888    34.1573    34.1539    -1.5279    -1.5240 0.0000e+00
     68.292    -1.5317    -1.5271   2.703456   2.703616    336.994     2.4978    93.7304     0.2590     0.0232     4.4522    715.542  -69.96958    6.20180    33.9927    33.9896    34.1578    34.1548    -1.5290    -1.5244 0.0000e+00
     68.326    -1.5319    -1.5283   2.703426   2.703513    336.975     2.4983    93.7342     0.2588     0.0232     4.4524    715.583  -69.96958    6.20180    33.9925    33.9895    34.1576    34.1547    -1.5292    -1.5256 0.0000e+00
     68.361    -1.5312    -1.5298   2.703411   2.703413    336.915     2.4983    93.7827     0.2567     0.0232     4.4547    715.625  -69.96958    6.20180    33.9914    33.9899    34.1566    34.1550    -1.5285    -1.5271 0.0000e+00
     68.395    -1.5302    -1.5299   2.703461   2.703413    336.811     2.4978    93.8887     0.2522     0.0232     4.4597    715.667  -69.96958    6.20180    33.9910    33.9899    34.1561    34.1551    -1.5275    -1.5272 0.0000e+00
     68.431    -1.5296    -1.5303   2.703497   2.703424    336.735     2.4964    93.9903     0.2479     0.0232     4.4644    715.708  -69.96958    6.20180    33.9907    33.9905    34.1559    34.1557    -1.5269    -1.5276 0.0000e+00
     68.467    -1.5303    -1.5305   2.703520   2.703401    336.710     2.4942    94.0337     0.2461     0.0232     4.4665    715.750  -69.96958    6.20180    33.9918    33.9904    34.1570    34.1556    -1.5276    -1.5278 0.0000e+00
     68.502    -1.5340    -1.5307   2.703421   2.703373    336.724     2.4909    94.0364     0.2460     0.0232     4.4666    715.792  -69.96958    6.20180    33.9947    33.9902    34.1598    34.1554    -1.5313    -1.5280 0.0000e+00
     68.538    -1.5423    -1.5303   2.703010   2.703408    336.771     2.4862    94.0326     0.2462     0.0232     4.4664    715.833  -69.96958    6.20180    33.9984    33.9902    34.1636    34.1554    -1.5397    -1.5276 0.0000e+00
     68.574    -1.5506    -1.5294   2.702387   2.703499    336.819     2.4799    94.0319     0.2462     0.0232     4.4664    715.875  -69.96958    6.20180    33.9993    33.9904    34.1645    34.1556    -1.5480    -1.5267 0.0000e+00
     68.610    -1.5572    -1.5288   2.701802   2.703529    336.805     2.4715    94.0317     0.2462     0.0232     4.4664    715.917  -69.96958    6.20180    33.9987    33.9902    34.1639    34.1553    -1.5545    -1.5261 0.0000e+00
     68.647    -1.5621    -1.5293   2.701330   2.703411    336.744     2.4605    94.0317     0.2462     0.0232     4.4664    715.958  -69.96958    6.20180    33.9977    33.9891    34.1629    34.1542    -1.5594    -1.5266 0.0000e+00
     68.684    -1.5662    -1.5317   2.701012   2.703231    336.765     2.4461    94.0317     0.2462     0.0232     4.4664    716.000  -69.96958    6.20180    33.9980    33.9893    34.1632    34.1544    -1.5635    -1.5290 0.0000e+00
     68.721    -1.5687    -1.5340   2.700805   2.703102    336.879     2.4272    94.0317     0.2462     0.0232     4.4664    716.042  -69.96958    6.20180    33.9979    33.9901    34.1631    34.1553    -1.5660    -1.5313 0.0000e+00
     68.761    -1.5697    -1.5351   2.700662   2.703038    336.957     2.4021    94.0317     0.2462     0.0232     4.4664    716.083  -69.96958    6.20180    33.9971    33.9905    34.1623    34.1556    -1.5670    -1.5324 0.0000e+00
     68.800    -1.5707    -1.5368   2.700612   2.702804    336.930     2.3693    94.0317     0.2462     0.0232     4.4664    716.125  -69.96958    6.20180    33.9975    33.9891    34.1627    34.1543    -1.5680    -1.5341 0.0000e+00
     68.838    -1.5714    -1.5434   2.700588   2.702373    336.830     2.3317    94.0317     0.2462     0.0232     4.4664    716.167  -69.96958    6.20180    33.9979    33.9907    34.1631    34.1558    -1.5687    -1.5407 0.0000e+00
     68.877    -1.5726    -1.5489   2.700580   2.701934    336.743     2.2967    94.0317     0.2462     0.0232     4.4664    716.208  -69.96958    6.20180    33.9992    33.9909    34.1644    34.1560    -1.5699    -1.5462 0.0000e+00
     68.915    -1.5738    -1.5544   2.700476   2.701529    336.657     2.2691    94.0317     0.2462     0.0232     4.4664    716.250  -69.96958    6.20180    33.9991    33.9915    34.1643    34.1567    -1.5711    -1.5517 0.0000e+00
     68.953    -1.5740    -1.5585   2.700448   2.701267    336.578     2.2486    94.0317     0.2462     0.0232     4.4664    716.292  -69.96958    6.20180    33.9989    33.9925    34.1641    34.1577    -1.5713    -1.5558 0.0000e+00
     68.992    -1.5733    -1.5617   2.700450   2.701097    336.569     2.2331    94.0317     0.2462     0.0232     4.4664    716.333  -69.96958    6.20180    33.9981    33.9938    34.1633    34.1590    -1.5706    -1.5590 0.0000e+00
     69.033    -1.5730    -1.5636   2.700470   2.701014    336.534     2.2214    94.0317     0.2462     0.0232     4.4664    716.375  -69.96958    6.20180    33.9980    33.9948    34.1632    34.1600    -1.5703    -1.5609 0.0000e+00
     69.075    -1.5726    -1.5651   2.700512   2.700961    336.429     2.2126    94.0319     0.2462     0.0232     4.4664    716.417  -69.96958    6.20180    33.9981    33.9958    34.1633    34.1609    -1.5699    -1.5624 0.0000e+00
     69.114    -1.5719    -1.5648   2.700550   2.700968    336.334     2.2058    94.0331     0.2461     0.0232     4.4665    716.458  -69.96958    6.20180    33.9978    33.9955    34.1630    34.1607    -1.5692    -1.5621 0.0000e+00
     69.153    -1.5695    -1.5657   2.700682   2.700894    336.212     2.2007    94.0393     0.2459     0.0232     4.4668    716.500  -69.96958    6.20180    33.9969    33.9955    34.1621    34.1606    -1.5668    -1.5630 0.0000e+00
     69.193    -1.5658    -1.5668   2.700922   2.700808    336.060     2.1967    94.0499     0.2454     0.0232     4.4673    716.542  -69.96958    6.20180    33.9959    33.9955    34.1611    34.1607    -1.5631    -1.5641 0.0000e+00
     69.234    -1.5633    -1.5668   2.701189   2.700830    336.012     2.1937    94.0559     0.2452     0.0232     4.4675    716.583  -69.96958    6.20180    33.9968    33.9958    34.1619    34.1610    -1.5607    -1.5642 0.0000e+00
     69.276    -1.5632    -1.5666   2.701308   2.700883    336.075     2.1913    94.0561     0.2452     0.0232     4.4675    716.625  -69.96958    6.20180    33.9983    33.9963    34.1635    34.1615    -1.5606    -1.5640 0.0000e+00
     69.317    -1.5627    -1.5646   2.701316   2.701040    336.118     2.1892    94.0512     0.2454     0.0232     4.4673    716.667  -69.96958    6.20180    33.9978    33.9961    34.1630    34.1613    -1.5601    -1.5620 0.0000e+00
     69.358    -1.5612    -1.5607   2.701333   2.701397    336.113     2.1871    94.0469     0.2456     0.0232     4.4671    716.708  -69.96958    6.20180    33.9963    33.9966    34.1615    34.1618    -1.5586    -1.5581 0.0000e+00
     69.400    -1.5593    -1.5555   2.701456   2.701730    336.062     2.1849    94.0512     0.2454     0.0232     4.4673    716.750  -69.96958    6.20180    33.9958    33.9952    34.1610    34.1604    -1.5567    -1.5529 0.0000e+00
     69.441    -1.5580    -1.5530   2.701537   2.701860    335.969     2.1828    94.0564     0.2451     0.0232     4.4676    716.792  -69.96958    6.20180    33.9954    33.9942    34.1606    34.1593    -1.5554    -1.5504 0.0000e+00
     69.484    -1.5575    -1.5530   2.701651   2.701805    335.854     2.1804    94.0573     0.2451     0.0232     4.4676    716.833  -69.96958    6.20180    33.9964    33.9934    34.1616    34.1585    -1.5549    -1.5504 0.0000e+00
     69.527    -1.5572    -1.5530   2.701670   2.701782    335.760     2.1775    94.0575     0.2451     0.0232     4.4676    716.875  -69.96958    6.20180    33.9963    33.9930    34.1615    34.1582    -1.5546    -1.5504 0.0000e+00
     69.571    -1.5586    -1.5535   2.701602   2.701799    335.712     2.1737    94.0575     0.2451     0.0232     4.4676    716.917  -69.96958    6.20180    33.9969    33.9938    34.1621    34.1590    -1.5560    -1.5509 0.0000e+00
     69.613    -1.5598    -1.5531   2.701481   2.701811    335.644     2.1687    94.0575     0.2451     0.0232     4.4676    716.958  -69.96958    6.20180    33.9966    33.9935    34.1618    34.1587    -1.5572    -1.5505 0.0000e+00
     69.655    -1.5605    -1.5529   2.701385   2.701846    335.561     2.1625    94.0575     0.2451     0.0233     4.4676    717.000  -69.96958    6.20180    33.9960    33.9937    34.1612    34.1589    -1.5579    -1.5503 0.0000e+00
     69.698    -1.5602    -1.5526   2.701351   2.701841    335.463     2.1545    94.0575     0.2451     0.0235     4.4676    717.042  -69.96958    6.20180    33.9952    33.9933    34.1604    34.1584    -1.5576    -1.5500 0.0000e+00
     69.740    -1.5587    -1.5550   2.701403   2.701674    335.371     2.1440    94.0575     0.2451     0.0237     4.4676    717.083  -69.96958    6.20180    33.9942    33.9937    34.1593    34.1589    -1.5561    -1.5524 0.0000e+00
     69.782    -1.5573    -1.5562   2.701507   2.701604    335.356     2.1301    94.0575     0.2451     0.0235     4.4676    717.125  -69.96958    6.20180    33.9940    33.9941    34.1591    34.1592    -1.5547    -1.5536 0.0000e+00
