tests/test_data/sbe_files/sbe911plus/troll_transect_22_23/006.cnv
* Sea-Bird SBE 9 Data File:
* FileName = C:\Documents and Settings\ctd\Desktop\TrollTransect_22_23\data\006.hex
* Software Version Seasave V 7.21b
* Temperature SN = 4771
* Conductivity SN = 3742
* Number of Bytes Per Scan = 48
* Number of Voltage Words = 5
* Number of Scans Averaged by the Deck Unit = 1
* NMEA Latitude = 69 58.17 S
* NMEA Longitude = 006 12.10 E
* NMEA UTC (Time) = Jan 23 2023  20:37:55
* NMEA baud rate = 4800
** Cruise: Troll Transect 22 23
** Ship: Silver Arctic
** Station (File Number):  006
** Latitude:
** Longitude:
** Echodepth (m):
** Seastate:
# nquan = 21                                
# nvalues = 56572                       
# units = specified
# name 0 = prDM: Pressure, Digiquartz [db]
# name 1 = t090C: Temperature [ITS-90, deg C]
# name 2 = t190C: Temperature, 2 [ITS-90, deg C]
# name 3 = c0S/m: Conductivity [S/m]
# name 4 = c1S/m: Conductivity, 2 [S/m]
# name 5 = sbox0Mm/Kg: Oxygen, SBE 43 [umol/kg]
# name 6 = flECO-AFL: Fluorescence, WET Labs ECO-AFL/FL [mg/m^3]
# name 7 = xmiss: Beam Transmission, Chelsea/Seatech [%]
# name 8 = bat: Beam Attenuation, Chelsea/Seatech [1/m]
# name 9 = v1: Voltage 1
# name 10 = v2: Voltage 2
# name 11 = timeS: Time, Elapsed [seconds]
# name 12 = latitude: Latitude [deg]
# name 13 = longitude: Longitude [deg]
# name 14 = sal00: Salinity, Practical [PSU]
# name 15 = sal11: Salinity, Practical, 2 [PSU]
# name 16 = gsw_saA0: Absolute Salinity [g/kg]
# name 17 = gsw_saA1: Absolute Salinity, 2 [g/kg]
# name 18 = gsw_ctA0: Conservative Temperature [ITS-90, deg C]
# name 19 = gsw_ctA1: Conservative Temperature, 2 [ITS-90, deg C]
# name 20 = flag: flag
# span 0 =     -0.154,    756.428       
# span 1 =    -1.7903,     0.3260       
# span 2 =    -1.7895,     0.3488       
# span 3 =  -0.072966,   2.936277       
# span 4 =  -0.000054,   2.936836       
# span 5 =    184.913,    435.921       
# span 6 =    -0.0407,     6.4076       
# span 7 =    81.6972,    98.2098       
# span 8 =     0.0722,     0.8088       
# span 9 =     0.0085,     0.1059       
# span 10 =     3.8825,     4.6642      
# span 11 =      0.000,   2357.125      
# span 12 =  -69.96962,  -69.96944      
# span 13 =    6.20136,    6.20188      
# span 14 =     0.0000,    34.8486      
# span 15 =    -0.0020,    35.0621      
# span 16 =     0.0000,    35.0174      
# span 17 =    -0.0020,    35.2320      
# span 18 =    -1.7916,     0.2941      
# span 19 =    -1.7908,     0.2980      
# span 20 = 0.0000e+00, 0.0000e+00      
# interval = seconds: 0.0416667
# start_time = Jan 23 2023 20:37:56 [NMEA time, first data scan]
# bad_flag = -9.990e-29
*END*
[from data line 3656]
    116.262    -1.6217    -1.6182   2.705654   2.705817    327.473     1.2071    95.9661     0.1647     0.0098     4.5580    766.083  -69.96958    6.20180    34.0958    34.0940    34.2619    34.2601    -1.6202    -1.6167 0.0000e+00
    116.292    -1.6215    -1.6180   2.705667   2.705818    327.401     1.2002    95.9661     0.1647     0.0098     4.5580    766.125  -69.96958    6.20180    34.0957    34.0938    34.2618    34.2599    -1.6200    -1.6165 0.0000e+00
    116.325    -1.6211    -1.6178   2.705697   2.705853    327.362     1.1911    95.9661     0.1647     0.0098     4.5580    766.167  -69.96958    6.20180    34.0956    34.0940    34.2618    34.2601    -1.6196    -1.6163 0.0000e+00
    116.358    -1.6209    -1.6174   2.705722   2.705865    327.421     1.1791    95.9661     0.1647     0.0098     4.5580    766.208  -69.96958    6.20180    34.0957    34.0937    34.2619    34.2598    -1.6194    -1.6159 0.0000e+00
    116.391    -1.6209    -1.6171   2.705729   2.705855    327.533     1.1632    95.9661     0.1647     0.0098     4.5580    766.250  -69.96958    6.20180    34.0958    34.0932    34.2619    34.2593    -1.6194    -1.6156 0.0000e+00
    116.424    -1.6210    -1.6171   2.705711   2.705884    327.509     1.1422    95.9661     0.1647     0.0098     4.5580    766.292  -69.96958    6.20180    34.0956    34.0936    34.2618    34.2597    -1.6195    -1.6156 0.0000e+00
    116.457    -1.6208    -1.6169   2.705706   2.705901    327.443     1.1170    95.9661     0.1647     0.0098     4.5580    766.333  -69.96958    6.20180    34.0953    34.0936    34.2615    34.2597    -1.6193    -1.6154 0.0000e+00
    116.491    -1.6214    -1.6171   2.705705   2.705862    327.522     1.0926    95.9661     0.1647     0.0098     4.5580    766.375  -69.96958    6.20180    34.0960    34.0932    34.2621    34.2593    -1.6199    -1.6156 0.0000e+00
    116.524    -1.6217    -1.6174   2.705686   2.705851    327.616     1.0730    95.9661     0.1647     0.0098     4.5580    766.417  -69.96958    6.20180    34.0960    34.0934    34.2622    34.2595    -1.6202    -1.6159 0.0000e+00
    116.558    -1.6220    -1.6178   2.705639   2.705799    327.555     1.0583    95.9661     0.1647     0.0098     4.5580    766.458  -69.96958    6.20180    34.0957    34.0931    34.2618    34.2592    -1.6205    -1.6163 0.0000e+00
    116.590    -1.6224    -1.6182   2.705626   2.705793    327.408     1.0474    95.9661     0.1647     0.0098     4.5580    766.500  -69.96958    6.20180    34.0960    34.0935    34.2621    34.2596    -1.6209    -1.6167 0.0000e+00
    116.623    -1.6224    -1.6188   2.705645   2.705752    327.233     1.0392    95.9661     0.1647     0.0098     4.5580    766.542  -69.96958    6.20180    34.0962    34.0936    34.2623    34.2597    -1.6209    -1.6173 0.0000e+00
    116.656    -1.6229    -1.6191   2.705632   2.705758    327.090     1.0329    95.9661     0.1647     0.0098     4.5580    766.583  -69.96958    6.20180    34.0966    34.0940    34.2627    34.2601    -1.6214    -1.6176 0.0000e+00
    116.690    -1.6231    -1.6196   2.705625   2.705746    327.206     1.0283    95.9659     0.1647     0.0098     4.5580    766.625  -69.96958    6.20180    34.0967    34.0944    34.2628    34.2605    -1.6216    -1.6181 0.0000e+00
    116.725    -1.6229    -1.6197   2.705626   2.705757    327.454     1.0248    95.9648     0.1648     0.0098     4.5579    766.667  -69.96958    6.20180    34.0964    34.0946    34.2626    34.2607    -1.6214    -1.6182 0.0000e+00
    116.760    -1.6228    -1.6198   2.705645   2.705729    327.412     1.0222    95.9587     0.1650     0.0098     4.5577    766.708  -69.96958    6.20180    34.0966    34.0943    34.2627    34.2604    -1.6213    -1.6183 0.0000e+00
    116.795    -1.6229    -1.6206   2.705651   2.705716    327.200     1.0203    95.9493     0.1654     0.0098     4.5572    766.750  -69.96958    6.20180    34.0967    34.0950    34.2629    34.2612    -1.6214    -1.6191 0.0000e+00
    116.831    -1.6228    -1.6210   2.705617   2.705705    327.277     1.0189    95.9493     0.1654     0.0098     4.5572    766.792  -69.96958    6.20180    34.0961    34.0953    34.2623    34.2614    -1.6213    -1.6195 0.0000e+00
    116.867    -1.6231    -1.6211   2.705622   2.705688    327.558     1.0180    95.9587     0.1650     0.0098     4.5577    766.833  -69.96956    6.20180    34.0965    34.0952    34.2627    34.2613    -1.6216    -1.6196 0.0000e+00
    116.904    -1.6230    -1.6214   2.705628   2.705670    327.692     1.0174    95.9645     0.1648     0.0098     4.5579    766.875  -69.96956    6.20180    34.0965    34.0952    34.2626    34.2614    -1.6215    -1.6199 0.0000e+00
    116.939    -1.6231    -1.6214   2.705646   2.705682    327.683     1.0172    95.9647     0.1648     0.0098     4.5579    766.917  -69.96956    6.20180    34.0968    34.0954    34.2630    34.2615    -1.6216    -1.6199 0.0000e+00
    116.975    -1.6230    -1.6211   2.705618   2.705672    327.631     1.0173    95.9598     0.1650     0.0098     4.5577    766.958  -69.96956    6.20180    34.0963    34.0949    34.2624    34.2610    -1.6215    -1.6196 0.0000e+00
    117.011    -1.6226    -1.6215   2.705642   2.705666    327.590     1.0177    95.9555     0.1652     0.0098     4.5575    767.000  -69.96956    6.20180    34.0961    34.0952    34.2623    34.2614    -1.6211    -1.6200 0.0000e+00
