tests/test_data/sbe_files/sbe911plus/troll_transect_22_23/006.cnv
* Sea-Bird SBE 9 Data File:
* FileName = C:\Documents and Settings\ctd\Desktop\TrollTransect_22_23\data\006.hex
* Software Version Seasave V 7.21b
* Temperature SN = 4771
* Conductivity SN = 3742
* Number of Bytes Per Scan = 48
* Number of Voltage Words = 5
* Number of Scans Averaged by the Deck Unit = 1
* NMEA Latitude = 69 58.17 S
* NMEA Longitude = 006 12.10 E
* NMEA UTC (Time) = Jan 23 2023  20:37:55
* NMEA baud rate = 4800
** Cruise: Troll Transect 22 23
** Ship: Silver Arctic
** Station (File Number):  006
** Latitude:
** Longitude:
** Echodepth (m):
** Seastate:
# nquan = 21                                
# nvalues = 56572                       
# units = specified
# name 0 = prDM: Pressure, Digiquartz [db]
# name 1 = t090C: Temperature [ITS-90, deg C]
# name 2 = t190C: Temperature, 2 [ITS-90, deg C]
# name 3 = c0S/m: Conductivity [S/m]
# name 4 = c1S/m: Conductivity, 2 [S/m]
# name 5 = sbox0Mm/Kg: Oxygen, SBE 43 [umol/kg]
# name 6 = flECO-AFL: Fluorescence, WET Labs ECO-AFL/FL [mg/m^3]
# name 7 = xmiss: Beam Transmission, Chelsea/Seatech [%]
# name 8 = bat: Beam Attenuation, Chelsea/Seatech [1/m]
# name 9 = v1: Voltage 1
# name 10 = v2: Voltage 2
# name 11 = timeS: Time, Elapsed [seconds]
# name 12 = latitude: Latitude [deg]
# name 13 = longitude: Longitude [deg]
# name 14 = sal00: Salinity, Practical [PSU]
# name 15 = sal11: Salinity, Practical, 2 [PSU]
# name 16 = gsw_saA0: Absolute Salinity [g/kg]
# name 17 = gsw_saA1: Absolute Salinity, 2 [g/kg]
# name 18 = gsw_ctA0: Conservative Temperature [ITS-90, deg C]
# name 19 = gsw_ctA1: Conservative Temperature, 2 [ITS-90, deg C]
# name 20 = flag: flag
# span 0 =     -0.154,    756.428       
# span 1 =    -1.7903,     0.3260       
# span 2 =    -1.7895,     0.3488       
# span 3 =  -0.072966,   2.936277       
# span 4 =  -0.000054,   2.936836       
# span 5 =    184.913,    435.921       
# span 6 =    -0.0407,     6.4076       
# span 7 =    81.6972,    98.2098       
# span 8 =     0.0722,     0.8088       
# span 9 =     0.0085,     0.1059       
# span 10 =     3.8825,     4.6642      
# span 11 =      0.000,   2357.125      
# span 12 =  -69.96962,  -69.96944      
# span 13 =    6.20136,    6.20188      
# span 14 =     0.0000,    34.8486      
# span 15 =    -0.0020,    35.0621      
# span 16 =     0.0000,    35.0174      
# span 17 =    -0.0020,    35.2320      
# span 18 =    -1.7916,     0.2941      
# span 19 =    -1.7908,     0.2980      
# span 20 = 0.0000e+00, 0.0000e+00      
# interval = seconds: 0.0416667
# start_time = Jan 23 2023 20:37:56 [NMEA time, first data scan]
# bad_flag = -9.990e-29
*END*
[from data line 3587]
    113.514    -1.6031    -1.6018   2.706614   2.706645    328.323     1.0554    95.9661     0.1647     0.0098     4.5580    763.208  -69.96958    6.20180    34.0895    34.0884    34.2556    34.2545    -1.6015    -1.6002 0.0000e+00
    113.564    -1.6030    -1.6019   2.706626   2.706623    328.248     1.0449    95.9661     0.1647     0.0098     4.5580    763.250  -69.96958    6.20180    34.0895    34.0882    34.2556    34.2543    -1.6014    -1.6003 0.0000e+00
    113.613    -1.6030    -1.6021   2.706632   2.706650    328.190     1.0370    95.9661     0.1647     0.0098     4.5580    763.292  -69.96958    6.20180    34.0896    34.0888    34.2556    34.2549    -1.6014    -1.6005 0.0000e+00
    113.662    -1.6029    -1.6021   2.706597   2.706599    328.158     1.0312    95.9661     0.1647     0.0099     4.5580    763.333  -69.96958    6.20180    34.0889    34.0880    34.2550    34.2541    -1.6013    -1.6005 0.0000e+00
    113.713    -1.6028    -1.6023   2.706603   2.706582    328.137     1.0270    95.9661     0.1647     0.0101     4.5580    763.375  -69.96958    6.20180    34.0889    34.0880    34.2549    34.2541    -1.6012    -1.6007 0.0000e+00
    113.764    -1.6023    -1.6021   2.706629   2.706600    328.137     1.0239    95.9661     0.1647     0.0103     4.5580    763.417  -69.96958    6.20180    34.0886    34.0880    34.2547    34.2541    -1.6007    -1.6005 0.0000e+00
    113.814    -1.6022    -1.6021   2.706653   2.706628    328.154     1.0216    95.9661     0.1647     0.0101     4.5580    763.458  -69.96958    6.20180    34.0888    34.0883    34.2549    34.2544    -1.6006    -1.6005 0.0000e+00
    113.863    -1.6023    -1.6019   2.706676   2.706624    328.179     1.0200    95.9661     0.1647     0.0098     4.5580    763.500  -69.96958    6.20180    34.0892    34.0880    34.2553    34.2541    -1.6007    -1.6003 0.0000e+00
    113.911    -1.6024    -1.6019   2.706653   2.706635    328.208     1.0189    95.9661     0.1647     0.0098     4.5580    763.542  -69.96958    6.20180    34.0890    34.0882    34.2551    34.2542    -1.6008    -1.6003 0.0000e+00
    113.958    -1.6025    -1.6019   2.706635   2.706596    328.231     1.0183    95.9661     0.1647     0.0098     4.5580    763.583  -69.96958    6.20180    34.0888    34.0876    34.2549    34.2537    -1.6009    -1.6003 0.0000e+00
    114.005    -1.6024    -1.6018   2.706636   2.706625    328.200     1.0180    95.9661     0.1647     0.0098     4.5580    763.625  -69.96958    6.20180    34.0887    34.0878    34.2548    34.2539    -1.6008    -1.6002 0.0000e+00
    114.053    -1.6029    -1.6023   2.706641   2.706657    328.104     1.0181    95.9661     0.1647     0.0099     4.5580    763.667  -69.96958    6.20180    34.0893    34.0888    34.2554    34.2549    -1.6013    -1.6007 0.0000e+00
    114.100    -1.6031    -1.6017   2.706634   2.706648    328.026     1.0186    95.9661     0.1647     0.0101     4.5580    763.708  -69.96958    6.20180    34.0894    34.0880    34.2555    34.2541    -1.6015    -1.6001 0.0000e+00
    114.146    -1.6033    -1.6018   2.706634   2.706648    327.989     1.0194    95.9661     0.1647     0.0103     4.5580    763.750  -69.96958    6.20180    34.0896    34.0881    34.2557    34.2542    -1.6017    -1.6002 0.0000e+00
    114.192    -1.6038    -1.6021   2.706598   2.706619    327.966     1.0204    95.9661     0.1647     0.0101     4.5580    763.792  -69.96958    6.20180    34.0896    34.0880    34.2557    34.2541    -1.6022    -1.6005 0.0000e+00
    114.239    -1.6041    -1.6027   2.706604   2.706612    327.952     1.0218    95.9661     0.1647     0.0099     4.5580    763.833  -69.96958    6.20180    34.0900    34.0885    34.2561    34.2546    -1.6026    -1.6011 0.0000e+00
    114.287    -1.6053    -1.6032   2.706583   2.706572    327.945     1.0239    95.9661     0.1647     0.0099     4.5580    763.875  -69.96958    6.20180    34.0911    34.0885    34.2572    34.2546    -1.6038    -1.6016 0.0000e+00
    114.333    -1.6061    -1.6041   2.706522   2.706537    327.941     1.0267    95.9661     0.1647     0.0101     4.5580    763.917  -69.96958    6.20180    34.0911    34.0891    34.2572    34.2551    -1.6046    -1.6026 0.0000e+00
    114.380    -1.6069    -1.6046   2.706461   2.706530    327.934     1.0307    95.9661     0.1647     0.0103     4.5580    763.958  -69.96958    6.20180    34.0912    34.0895    34.2573    34.2556    -1.6054    -1.6031 0.0000e+00
    114.425    -1.6075    -1.6050   2.706466   2.706496    327.880     1.0360    95.9661     0.1647     0.0101     4.5580    764.000  -69.96958    6.20180    34.0919    34.0895    34.2580    34.2555    -1.6060    -1.6035 0.0000e+00
    114.470    -1.6082    -1.6057   2.706428   2.706477    327.778     1.0431    95.9661     0.1647     0.0098     4.5580    764.042  -69.96958    6.20180    34.0922    34.0900    34.2583    34.2561    -1.6067    -1.6042 0.0000e+00
    114.515    -1.6085    -1.6064   2.706381   2.706453    327.695     1.0526    95.9661     0.1647     0.0098     4.5580    764.083  -69.96958    6.20180    34.0918    34.0904    34.2579    34.2565    -1.6070    -1.6049 0.0000e+00
    114.559    -1.6093    -1.6070   2.706367   2.706429    327.637     1.0647    95.9661     0.1647     0.0098     4.5580    764.125  -69.96958    6.20180    34.0925    34.0907    34.2586    34.2568    -1.6078    -1.6055 0.0000e+00
    114.602    -1.6093    -1.6079   2.706343   2.706360    327.578     1.0781    95.9661     0.1647     0.0098     4.5580    764.167  -69.96958    6.20180    34.0921    34.0908    34.2583    34.2569    -1.6078    -1.6064 0.0000e+00
    114.645    -1.6094    -1.6082   2.706337   2.706360    327.523     1.0901    95.9661     0.1647     0.0098     4.5580    764.208  -69.96958    6.20180    34.0922    34.0911    34.2583    34.2572    -1.6079    -1.6067 0.0000e+00
    114.689    -1.6099    -1.6084   2.706336   2.706337    327.478     1.0994    95.9661     0.1647     0.0098     4.5580    764.250  -69.96958    6.20180    34.0927    34.0910    34.2588    34.2571    -1.6084    -1.6069 0.0000e+00
    114.733    -1.6099    -1.6087   2.706320   2.706337    327.448     1.1062    95.9661     0.1647     0.0098     4.5580    764.292  -69.96958    6.20180    34.0924    34.0913    34.2585    34.2574    -1.6084    -1.6072 0.0000e+00
    114.775    -1.6101    -1.6090   2.706313   2.706303    327.441     1.1113    95.9661     0.1647     0.0098     4.5580    764.333  -69.96958    6.20180    34.0925    34.0911    34.2586    34.2572    -1.6086    -1.6075 0.0000e+00
    114.817    -1.6102    -1.6092   2.706331   2.706309    327.450     1.1151    95.9661     0.1647     0.0098     4.5580    764.375  -69.96958    6.20180    34.0929    34.0914    34.2590    34.2575    -1.6087    -1.6077 0.0000e+00
    114.859    -1.6102    -1.6096   2.706337   2.706296    327.458     1.1178    95.9661     0.1647     0.0098     4.5580    764.417  -69.96958    6.20180    34.0929    34.0917    34.2590    34.2578    -1.6087    -1.6081 0.0000e+00
    114.902    -1.6107    -1.6093   2.706295   2.706325    327.456     1.1197    95.9661     0.1647     0.0098     4.5580    764.458  -69.96958    6.20180    34.0929    34.0917    34.2590    34.2578    -1.6092    -1.6078 0.0000e+00
    114.944    -1.6108    -1.6096   2.706283   2.706291    327.458     1.1212    95.9661     0.1647     0.0098     4.5580    764.500  -69.96958    6.20180    34.0928    34.0916    34.2589    34.2577    -1.6093    -1.6081 0.0000e+00
    114.987    -1.6110    -1.6098   2.706266   2.706285    327.503     1.1226    95.9661     0.1647     0.0098     4.5580    764.542  -69.96958    6.20180    34.0928    34.0917    34.2589    34.2578    -1.6095    -1.6083 0.0000e+00
    115.029    -1.6110    -1.6098   2.706277   2.706309    327.554     1.1238    95.9661     0.1647     0.0098     4.5580    764.583  -69.96958    6.20180    34.0929    34.0920    34.2590    34.2581    -1.6095    -1.6083 0.0000e+00
    115.071    -1.6110    -1.6096   2.706266   2.706297    327.537     1.1247    95.9661     0.1647     0.0098     4.5580    764.625  -69.96958    6.20180    34.0927    34.0916    34.2588    34.2577    -1.6095    -1.6081 0.0000e+00
    115.111    -1.6113    -1.6095   2.706260   2.706270    327.519     1.1254    95.9661     0.1647     0.0098     4.5580    764.667  -69.96958    6.20180    34.0930    34.0910    34.2591    34.2571    -1.6098    -1.6080 0.0000e+00
    115.151    -1.6117    -1.6098   2.706241   2.706282    327.546     1.1260    95.9661     0.1647     0.0098     4.5580    764.708  -69.96958    6.20180    34.0931    34.0915    34.2593    34.2576    -1.6102    -1.6083 0.0000e+00
    115.190    -1.6120    -1.6104   2.706211   2.706252    327.578     1.1267    95.9661     0.1647     0.0098     4.5580    764.750  -69.96958    6.20180    34.0930    34.0918    34.2592    34.2579    -1.6105    -1.6089 0.0000e+00
    115.229    -1.6123    -1.6107   2.706187   2.706229    327.608     1.1276    95.9661     0.1647     0.0098     4.5580    764.792  -69.96958    6.20180    34.0930    34.0918    34.2591    34.2579    -1.6108    -1.6092 0.0000e+00
    115.268    -1.6127    -1.6107   2.706180   2.706212    327.637     1.1285    95.9661     0.1647     0.0098     4.5580    764.833  -69.96958    6.20180    34.0934    34.0915    34.2595    34.2576    -1.6112    -1.6092 0.0000e+00
    115.305    -1.6128    -1.6106   2.706181   2.706247    327.650     1.1296    95.9661     0.1647     0.0098     4.5580    764.875  -69.96958    6.20180    34.0935    34.0919    34.2596    34.2580    -1.6113    -1.6091 0.0000e+00
    115.342    -1.6129    -1.6107   2.706139   2.706264    327.598     1.1313    95.9661     0.1647     0.0098     4.5580    764.917  -69.96958    6.20180    34.0930    34.0922    34.2591    34.2583    -1.6114    -1.6092 0.0000e+00
    115.378    -1.6130    -1.6104   2.706163   2.706248    327.487     1.1336    95.9661     0.1647     0.0098     4.5580    764.958  -69.96958    6.20180    34.0934    34.0916    34.2595    34.2577    -1.6115    -1.6089 0.0000e+00
    115.414    -1.6127    -1.6107   2.706164   2.706258    327.405     1.1366    95.9661     0.1647     0.0098     4.5580    765.000  -69.96958    6.20180    34.0930    34.0921    34.2592    34.2582    -1.6112    -1.6092 0.0000e+00
    115.453    -1.6128    -1.6110   2.706176   2.706275    327.379     1.1402    95.9661     0.1647     0.0098     4.5580    765.042  -69.96958    6.20180    34.0933    34.0926    34.2594    34.2587    -1.6113    -1.6095 0.0000e+00
    115.489    -1.6129    -1.6110   2.706182   2.706230    327.384     1.1448    95.9661     0.1647     0.0098     4.5580    765.083  -69.96958    6.20180    34.0935    34.0920    34.2596    34.2581    -1.6114    -1.6095 0.0000e+00
    115.522    -1.6136    -1.6113   2.706180   2.706214    327.409     1.1509    95.9661     0.1647     0.0098     4.5580    765.125  -69.96958    6.20180    34.0942    34.0921    34.2604    34.2582    -1.6121    -1.6098 0.0000e+00
    115.555    -1.6139    -1.6115   2.706121   2.706191    327.445     1.1591    95.9661     0.1647     0.0098     4.5580    765.167  -69.96958    6.20180    34.0937    34.0920    34.2599    34.2581    -1.6124    -1.6100 0.0000e+00
    115.588    -1.6144    -1.6110   2.706078   2.706203    327.487     1.1699    95.9661     0.1647     0.0098     4.5580    765.208  -69.96958    6.20180    34.0937    34.0915    34.2598    34.2576    -1.6129    -1.6095 0.0000e+00
    115.621    -1.6152    -1.6115   2.706071   2.706174    327.524     1.1822    95.9661     0.1647     0.0098     4.5580    765.250  -69.96958    6.20180    34.0945    34.0917    34.2606    34.2578    -1.6137    -1.6100 0.0000e+00
    115.655    -1.6157    -1.6122   2.706010   2.706162    327.541     1.1936    95.9661     0.1647     0.0098     4.5580    765.292  -69.96958    6.20180    34.0942    34.0923    34.2603    34.2584    -1.6142    -1.6107 0.0000e+00
    115.689    -1.6164    -1.6122   2.705974   2.706129    327.503     1.2024    95.9661     0.1647     0.0098     4.5580    765.333  -69.96958    6.20180    34.0945    34.0918    34.2606    34.2579    -1.6149    -1.6107 0.0000e+00
    115.722    -1.6165    -1.6130   2.705927   2.706087    327.426     1.2089    95.9661     0.1647     0.0098     4.5580    765.375  -69.96958    6.20180    34.0939    34.0921    34.2600    34.2582    -1.6150    -1.6115 0.0000e+00
    115.756    -1.6173    -1.6136   2.705895   2.706042    327.431     1.2138    95.9661     0.1647     0.0098     4.5580    765.417  -69.96958    6.20180    34.0944    34.0922    34.2605    34.2583    -1.6158    -1.6121 0.0000e+00
    115.789    -1.6179    -1.6142   2.705847   2.706007    327.532     1.2173    95.9661     0.1647     0.0098     4.5580    765.458  -69.96958    6.20180    34.0944    34.0924    34.2605    34.2585    -1.6164    -1.6127 0.0000e+00
    115.821    -1.6186    -1.6147   2.705834   2.705984    327.622     1.2198    95.9661     0.1647     0.0098     4.5580    765.500  -69.96958    6.20180    34.0950    34.0926    34.2611    34.2587    -1.6171    -1.6132 0.0000e+00
    115.854    -1.6191    -1.6151   2.705815   2.705955    327.679     1.2216    95.9661     0.1647     0.0098     4.5580    765.542  -69.96958    6.20180    34.0953    34.0926    34.2614    34.2587    -1.6176    -1.6136 0.0000e+00
    115.887    -1.6192    -1.6155   2.705786   2.705948    327.733     1.2231    95.9661     0.1647     0.0098     4.5580    765.583  -69.96958    6.20180    34.0950    34.0930    34.2611    34.2591    -1.6177    -1.6140 0.0000e+00
    115.918    -1.6195    -1.6157   2.705797   2.705898    327.788     1.2242    95.9661     0.1647     0.0098     4.5580    765.625  -69.96958    6.20180    34.0954    34.0925    34.2616    34.2586    -1.6180    -1.6142 0.0000e+00
    115.950    -1.6200    -1.6162   2.705748   2.705869    327.836     1.2248    95.9661     0.1647     0.0098     4.5580    765.667  -69.96958    6.20180    34.0953    34.0926    34.2614    34.2587    -1.6185    -1.6147 0.0000e+00
    115.982    -1.6201    -1.6162   2.705726   2.705926    327.855     1.2248    95.9661     0.1647     0.0098     4.5580    765.708  -69.96958    6.20180    34.0951    34.0934    34.2612    34.2595    -1.6186    -1.6147 0.0000e+00
    116.014    -1.6203    -1.6162   2.705708   2.705909    327.783     1.2247    95.9661     0.1647     0.0098     4.5580    765.750  -69.96958    6.20180    34.0951    34.0931    34.2612    34.2593    -1.6188    -1.6147 0.0000e+00
    116.045    -1.6208    -1.6165   2.705701   2.705875    327.707     1.2244    95.9661     0.1647     0.0098     4.5580    765.792  -69.96958    6.20180    34.0955    34.0930    34.2616    34.2591    -1.6193    -1.6150 0.0000e+00
    116.076    -1.6205    -1.6169   2.705702   2.705852    327.770     1.2239    95.9661     0.1647     0.0098     4.5580    765.833  -69.96958    6.20180    34.0952    34.0931    34.2613    34.2592    -1.6190    -1.6154 0.0000e+00
    116.108    -1.6210    -1.6171   2.705719   2.705835    327.777     1.2228    95.9661     0.1647     0.0098     4.5580    765.875  -69.96958    6.20180    34.0959    34.0931    34.2621    34.2592    -1.6195    -1.6156 0.0000e+00
    116.141    -1.6215    -1.6179   2.705665   2.705800    327.681     1.2210    95.9661     0.1647     0.0098     4.5580    765.917  -69.96958    6.20180    34.0958    34.0935    34.2619    34.2596    -1.6200    -1.6164 0.0000e+00
    116.173    -1.6217    -1.6182   2.705665   2.705772    327.709     1.2188    95.9661     0.1647     0.0098     4.5580    765.958  -69.96958    6.20180    34.0960    34.0934    34.2621    34.2596    -1.6202    -1.6167 0.0000e+00
    116.203    -1.6220    -1.6182   2.705676   2.705783    327.739     1.2159    95.9661     0.1647     0.0098     4.5580    766.000  -69.96958    6.20180    34.0964    34.0936    34.2626    34.2597    -1.6205    -1.6167 0.0000e+00
