tests/test_data/sbe_files/sbe911plus/dml_2020/sta013_01.cnv
* Sea-Bird SBE 9 Data File:
* FileName = C:\DML_2020\hex_data\sta013_01.hex
* Software Version Seasave V 7.21b
* Temperature SN = 5299
* Conductivity SN = 3742
* Number of Bytes Per Scan = 45
* Number of Voltage Words = 4
* Number of Scans Averaged by the Deck Unit = 1
* NMEA Latitude = 69 25.10 S
* NMEA Longitude = 006 10.92 E
* NMEA UTC (Time) = Jan 04 2021  14:51:19
* NMEA baud rate = 4800
** Cruise: DML 2020
** Ship: Malik Arctica
** Station (File Number):  012
** Latitude:
** Longitude:
** Echodepth (m):
** Seastate:
# nquan = 15
# nvalues = 1513                        
# units = specified
# name 0 = scan: Scan Count
# name 1 = prDM: Pressure, Digiquartz [db]
# name 2 = t090C: Temperature [ITS-90, deg C]
# name 3 = c0S/m: Conductivity [S/m]
# name 4 = sbeox0V: Oxygen raw, SBE 43 [V]
# name 5 = flECO-AFL: Fluorescence, WET Labs ECO-AFL/FL [mg/m^3]
# name 6 = altM: Altimeter [m]
# name 7 = timeS: Time, Elapsed [seconds]
# name 8 = sal00: Salinity, Practical [PSU]
# name 9 = sbeox0ML/L: Oxygen, SBE 43 [ml/l], WS = 2
# name 10 = sigma-é00: Density [sigma-theta, kg/m^3]
# name 11 = depSM: Depth [salt water, m], lat = -69.4183
# name 12 = svCM: Sound Velocity [Chen-Millero, m/s]
# name 13 = avgsvCM: Average Sound Velocity [Chen-Millero, m/s], minP = 20, minS = 20
# name 14 = flag: flag
# span 0 =       3286,      46412       
# span 1 =      4.000,   1517.000       
# span 2 =    -1.8232,     0.6011       
# span 3 =   2.694586,   2.967257       
# span 4 =     1.5852,     2.4273       
# span 5 =     1.0271,   119.0221       
# span 6 =      10.39,      99.76       
# span 7 =    136.879,   1933.807       
# span 8 =    34.0340,    34.6786       
# span 9 =     4.7364,     7.5918       
# span 10 =    27.3906,    27.8339      
# span 11 =      3.960,   1496.247      
# span 12 =    1440.18,    1474.67      
# span 13 =       0.00,    1460.57      
# span 14 = 0.0000e+00, 0.0000e+00      
# interval = decibars: 1                
# start_time = Jan 04 2021 14:51:19 [NMEA time, first data scan]
# bad_flag = -9.990e-29
*END*
[from data line 482]
      14806    486.000     0.4210   2.933084     1.7914    16.5771      98.68    616.894    34.6187     5.0153    27.7762    480.531    1458.48    1446.97 0.0000e+00
      14825    487.000     0.4320   2.934199     1.7904    16.3169      98.32    617.668    34.6204     5.0106    27.7769    481.519    1458.55    1446.99 0.0000e+00
      14844    488.000     0.4355   2.934585     1.7900    16.0975      83.43    618.443    34.6209     5.0134    27.7771    482.506    1458.59    1447.02 0.0000e+00
      14862    489.000     0.4403   2.935093     1.7894    16.0226      51.95    619.209    34.6216     5.0089    27.7774    483.494    1458.62    1447.05 0.0000e+00
      14881    490.000     0.4467   2.935753     1.7886    15.8530      98.75    619.980    34.6224     4.9962    27.7778    484.482    1458.67    1447.07 0.0000e+00
      14899    491.000     0.4479   2.935931     1.7872    15.6705      87.12    620.745    34.6229     4.9878    27.7781    485.469    1458.69    1447.09 0.0000e+00
      14917    492.000     0.4504   2.936231     1.7859    15.4097      33.57    621.509    34.6234     4.9826    27.7783    486.457    1458.72    1447.11 0.0000e+00
      14935    493.000     0.4539   2.936620     1.7846    15.3294      98.03    622.268    34.6239     4.9791    27.7785    487.444    1458.76    1447.14 0.0000e+00
      14954    494.000     0.4620   2.937477     1.7835    15.3683      84.57    623.024    34.6256     4.9764    27.7794    488.432    1458.81    1447.16 0.0000e+00
      14972    495.000     0.4750   2.938801     1.7824    15.4306      45.83    623.784    34.6277     4.9747    27.7803    489.419    1458.89    1447.18 0.0000e+00
      14990    496.000     0.4876   2.939962     1.7816    14.8779      98.60    624.541    34.6281     4.9735    27.7799    490.407    1458.96    1447.21 0.0000e+00
      15008    497.000     0.4875   2.940031     1.7811    13.7393      98.68    625.306    34.6285     4.9712    27.7803    491.394    1458.98    1447.23 0.0000e+00
      15027    498.000     0.4955   2.940885     1.7801    12.7946      98.68    626.071    34.6302     4.9593    27.7812    492.382    1459.04    1447.25 0.0000e+00
      15045    499.000     0.5035   2.941629     1.7787    12.3598      98.68    626.843    34.6304     4.9494    27.7809    493.370    1459.09    1447.28 0.0000e+00
      15064    500.000     0.5063   2.941994     1.7773    13.1030      98.68    627.622    34.6314     4.9440    27.7815    494.357    1459.12    1447.30 0.0000e+00
      15083    501.000     0.5295   2.944333     1.7757    13.3239      98.68    628.402    34.6353     4.9359    27.7833    495.345    1459.25    1447.33 0.0000e+00
      15102    502.000     0.5444   2.945719     1.7748    13.2164      98.68    629.189    34.6362     4.9371    27.7831    496.332    1459.33    1447.35 0.0000e+00
      15120    503.000     0.5425   2.945589     1.7737    14.4702      74.71    629.976    34.6361     4.9317    27.7832    497.320    1459.34    1447.37 0.0000e+00
      15139    504.000     0.5385   2.945291     1.7725    14.4390      89.29    630.767    34.6361     4.9226    27.7834    498.307    1459.34    1447.40 0.0000e+00
      15158    505.000     0.5369   2.945187     1.7708    14.4014      98.84    631.555    34.6360     4.9045    27.7834    499.295    1459.35    1447.42 0.0000e+00
      15177    506.000     0.5351   2.945092     1.7682    14.7084      98.68    632.344    34.6361     4.9005    27.7836    500.282    1459.35    1447.44 0.0000e+00
      15196    507.000     0.5358   2.945205     1.7673    18.2571      98.68    633.130    34.6362     4.9018    27.7836    501.270    1459.37    1447.47 0.0000e+00
      15215    508.000     0.5361   2.945269     1.7652    20.7860      98.68    633.912    34.6361     4.8951    27.7836    502.257    1459.39    1447.49 0.0000e+00
      15234    509.000     0.5361   2.945321     1.7641    23.2353      98.68    634.693    34.6362     4.8977    27.7837    503.245    1459.41    1447.51 0.0000e+00
      15252    510.000     0.5324   2.945028     1.7630    29.8609      98.68    635.470    34.6360     4.8974    27.7837    504.232    1459.41    1447.54 0.0000e+00
      15271    511.000     0.5274   2.944643     1.7621    31.8254      97.66    636.246    34.6359     4.9005    27.7840    505.219    1459.40    1447.56 0.0000e+00
      15289    512.000     0.5210   2.944084     1.7616    33.4259      93.62    637.019    34.6352     4.9036    27.7837    506.207    1459.39    1447.58 0.0000e+00
      15308    513.000     0.5138   2.943511     1.7612    35.1620      46.13    637.793    34.6352     4.9006    27.7842    507.195    1459.37    1447.60 0.0000e+00
      15327    514.000     0.5138   2.943562     1.7602    36.2342      81.26    638.573    34.6352     4.9029    27.7842    508.182    1459.39    1447.63 0.0000e+00
      15346    515.000     0.5092   2.943171     1.7604    34.1532      84.02    639.359    34.6347     4.9124    27.7841    509.169    1459.38    1447.65 0.0000e+00
      15365    516.000     0.5026   2.942600     1.7602    30.5280      40.17    640.149    34.6342     4.9105    27.7840    510.157    1459.37    1447.67 0.0000e+00
      15383    517.000     0.4956   2.942000     1.7602    37.3815      73.84    640.934    34.6335     4.9121    27.7839    511.144    1459.35    1447.69 0.0000e+00
      15402    518.000     0.4858   2.941143     1.7600    44.4341      99.08    641.721    34.6327     4.9156    27.7838    512.132    1459.32    1447.72 0.0000e+00
      15421    519.000     0.4791   2.940602     1.7600    48.7029      98.68    642.506    34.6326     4.9179    27.7841    513.119    1459.31    1447.74 0.0000e+00
      15440    520.000     0.4759   2.940361     1.7601    47.3718      98.68    643.293    34.6325     4.9205    27.7842    514.107    1459.31    1447.76 0.0000e+00
      15459    521.000     0.4739   2.940247     1.7602    51.2551      98.68    644.084    34.6326     4.9270    27.7844    515.094    1459.32    1447.79 0.0000e+00
      15478    522.000     0.4766   2.940546     1.7607    54.6524      98.68    644.877    34.6328     4.9305    27.7845    516.081    1459.35    1447.80 0.0000e+00
      15497    523.000     0.4781   2.940731     1.7611    58.6636      98.68    645.671    34.6331     4.9361    27.7846    517.069    1459.37    1447.82 0.0000e+00
      15516    524.000     0.4791   2.940880     1.7620    69.0446      85.08    646.464    34.6333     4.9448    27.7847    518.056    1459.39    1447.85 0.0000e+00
      15535    525.000     0.4790   2.940931     1.7630    76.3008      64.24    647.265    34.6335     4.9454    27.7848    519.044    1459.41    1447.87 0.0000e+00
      15555    526.000     0.4856   2.941608     1.7633    83.4932      97.96    648.067    34.6343     4.9424    27.7852    520.031    1459.45    1447.89 0.0000e+00
      15574    527.000     0.4902   2.942085     1.7638    91.0227      98.68    648.870    34.6348     4.9366    27.7853    521.018    1459.49    1447.91 0.0000e+00
      15593    528.000     0.4919   2.942280     1.7633    95.3909      98.68    649.676    34.6349     4.9361    27.7853    522.006    1459.52    1447.94 0.0000e+00
      15612    529.000     0.4913   2.942282     1.7641    93.7002      98.68    650.476    34.6350     4.9451    27.7854    522.993    1459.53    1447.96 0.0000e+00
      15632    530.000     0.4921   2.942389     1.7642    94.5826      98.68    651.278    34.6350     4.9396    27.7853    523.981    1459.55    1447.98 0.0000e+00
      15651    531.000     0.4920   2.942436     1.7641    99.4525      98.68    652.075    34.6351     4.9366    27.7854    524.968    1459.57    1448.00 0.0000e+00
      15670    532.000     0.4904   2.942336     1.7639    98.0186      98.51    652.871    34.6350     4.9345    27.7854    525.955    1459.58    1448.03 0.0000e+00
      15689    533.000     0.4911   2.942451     1.7635   102.7290      74.80    653.657    34.6351     4.9289    27.7855    526.943    1459.60    1448.05 0.0000e+00
      15708    534.000     0.4921   2.942597     1.7628   107.8645      51.51    654.438    34.6353     4.9283    27.7856    527.930    1459.62    1448.06 0.0000e+00
      15726    535.000     0.4920   2.942638     1.7626   113.5785      59.42    655.216    34.6354     4.9281    27.7857    528.918    1459.63    1448.09 0.0000e+00
      15745    536.000     0.4942   2.942893     1.7620   108.1945      61.42    655.986    34.6357     4.9269    27.7858    529.905    1459.66    1448.11 0.0000e+00
      15763    537.000     0.5022   2.943671     1.7617   108.0895      98.19    656.757    34.6363     4.9274    27.7858    530.892    1459.71    1448.13 0.0000e+00
      15782    538.000     0.5043   2.943942     1.7616   113.5502      98.69    657.525    34.6369     4.9294    27.7861    531.880    1459.74    1448.15 0.0000e+00
      15800    539.000     0.5076   2.944288     1.7614   115.1154      98.68    658.301    34.6371     4.9240    27.7862    532.867    1459.77    1448.17 0.0000e+00
      15819    540.000     0.5106   2.944663     1.7608   107.9797      98.68    659.081    34.6380     4.9235    27.7867    533.854    1459.80    1448.20 0.0000e+00
      15838    541.000     0.5265   2.946251     1.7608    99.9685      98.68    659.869    34.6404     4.9254    27.7877    534.842    1459.90    1448.21 0.0000e+00
      15857    542.000     0.5376   2.947338     1.7604   103.1031      98.68    660.663    34.6416     4.9207    27.7880    535.829    1459.96    1448.23 0.0000e+00
      15876    543.000     0.5422   2.947821     1.7603   111.6949      98.68    661.460    34.6421     4.9182    27.7882    536.816    1460.00    1448.26 0.0000e+00
      15895    544.000     0.5394   2.947611     1.7598   116.4853      93.77    662.265    34.6420     4.9098    27.7882    537.804    1460.01    1448.28 0.0000e+00
      15915    545.000     0.5368   2.947423     1.7587   118.9381      90.35    663.065    34.6418     4.9035    27.7882    538.791    1460.01    1448.30 0.0000e+00
      15934    546.000     0.5330   2.947126     1.7578   118.9321      30.25    663.871    34.6416     4.8970    27.7883    539.778    1460.01    1448.32 0.0000e+00
      15953    547.000     0.5325   2.947110     1.7564   118.9294      99.14    664.675    34.6414     4.8832    27.7881    540.766    1460.02    1448.34 0.0000e+00
      15972    548.000     0.5293   2.946862     1.7548   118.9323      78.78    665.475    34.6412     4.8867    27.7881    541.753    1460.02    1448.37 0.0000e+00
      15991    549.000     0.5310   2.947064     1.7538   118.9351      58.49    666.271    34.6414     4.8887    27.7882    542.740    1460.05    1448.39 0.0000e+00
      16011    550.000     0.5325   2.947295     1.7530   118.9328      97.63    667.063    34.6421     4.8911    27.7887    543.727    1460.07    1448.41 0.0000e+00
      16030    551.000     0.5298   2.947087     1.7529   118.9307      98.68    667.855    34.6418     4.8936    27.7887    544.715    1460.08    1448.43 0.0000e+00
      16048    552.000     0.5266   2.946855     1.7522   118.9336      98.68    668.637    34.6418     4.8885    27.7888    545.702    1460.08    1448.45 0.0000e+00
      16067    553.000     0.5303   2.947268     1.7514   118.9332      98.68    669.420    34.6425     4.8914    27.7891    546.689    1460.11    1448.47 0.0000e+00
      16086    554.000     0.5358   2.947830     1.7514   118.9345      98.68    670.200    34.6430     4.8943    27.7892    547.676    1460.16    1448.49 0.0000e+00
      16105    555.000     0.5419   2.948439     1.7513   118.9317      98.68    670.984    34.6436     4.8946    27.7894    548.664    1460.20    1448.51 0.0000e+00
      16123    556.000     0.5463   2.948911     1.7511   118.9334      98.68    671.770    34.6442     4.8951    27.7896    549.651    1460.24    1448.53 0.0000e+00
      16142    557.000     0.5478   2.949098     1.7512   118.9321      98.68    672.556    34.6443     4.8906    27.7896    550.638    1460.26    1448.55 0.0000e+00
      16161    558.000     0.5520   2.949530     1.7507   118.9320      98.68    673.343    34.6447     4.8881    27.7897    551.626    1460.30    1448.57 0.0000e+00
      16180    559.000     0.5380   2.948256     1.7505   118.9325      98.68    674.125    34.6432     4.8859    27.7893    552.613    1460.25    1448.60 0.0000e+00
      16199    560.000     0.5276   2.947400     1.7494   118.9316      54.78    674.908    34.6431     4.8745    27.7899    553.600    1460.22    1448.62 0.0000e+00
      16217    561.000     0.5304   2.947706     1.7484   118.9302      95.12    675.686    34.6434     4.8754    27.7899    554.587    1460.24    1448.63 0.0000e+00
      16236    562.000     0.5319   2.947917     1.7477   118.9320      98.74    676.470    34.6439     4.8800    27.7902    555.574    1460.27    1448.65 0.0000e+00
      16255    563.000     0.5345   2.948196     1.7478   118.9306      98.68    677.257    34.6440     4.8862    27.7902    556.562    1460.30    1448.67 0.0000e+00
      16274    564.000     0.5345   2.948249     1.7473   118.9294      98.68    678.044    34.6441     4.8854    27.7903    557.549    1460.31    1448.70 0.0000e+00
      16293    565.000     0.5306   2.947929     1.7475   118.9327      98.68    678.839    34.6438     4.8917    27.7902    558.536    1460.31    1448.72 0.0000e+00
      16312    566.000     0.5287   2.947829     1.7476   118.9356      98.68    679.632    34.6440     4.8880    27.7905    559.523    1460.32    1448.74 0.0000e+00
      16331    567.000     0.5292   2.947906     1.7471   118.9269      98.68    680.435    34.6439     4.8838    27.7904    560.511    1460.34    1448.76 0.0000e+00
      16351    568.000     0.5338   2.948416     1.7470   118.9316      87.80    681.241    34.6447     4.8859    27.7908    561.498    1460.38    1448.78 0.0000e+00
      16370    569.000     0.5487   2.949879     1.7468   118.9316      85.80    682.050    34.6466     4.8848    27.7915    562.485    1460.46    1448.80 0.0000e+00
      16390    570.000     0.5478   2.949832     1.7468   118.9312      20.14    682.860    34.6463     4.8869    27.7913    563.472    1460.48    1448.82 0.0000e+00
      16409    571.000     0.5274   2.948024     1.7467   118.9336      98.63    683.666    34.6451     4.8842    27.7915    564.459    1460.40    1448.84 0.0000e+00
      16428    572.000     0.5235   2.947715     1.7462   118.9274      98.68    684.474    34.6448     4.8787    27.7915    565.447    1460.40    1448.86 0.0000e+00
      16447    573.000     0.5200   2.947437     1.7455   118.9321      98.68    685.268    34.6445     4.8770    27.7915    566.434    1460.40    1448.87 0.0000e+00
      16466    574.000     0.5179   2.947286     1.7449   118.9336      98.68    686.058    34.6443     4.8744    27.7914    567.421    1460.40    1448.90 0.0000e+00
      16485    575.000     0.5176   2.947298     1.7442   118.9321      98.68    686.836    34.6442     4.8760    27.7914    568.408    1460.42    1448.92 0.0000e+00
      16504    576.000     0.5167   2.947258     1.7442   118.8199      98.68    687.611    34.6441     4.8900    27.7913    569.395    1460.43    1448.94 0.0000e+00
      16522    577.000     0.5166   2.947294     1.7445   118.8035      98.68    688.382    34.6441     4.8923    27.7914    570.382    1460.45    1448.96 0.0000e+00
      16541    578.000     0.5176   2.947435     1.7447   118.9325      98.68    689.150    34.6443     4.8894    27.7915    571.370    1460.47    1448.98 0.0000e+00
      16559    579.000     0.5112   2.946888     1.7447   118.9337      98.59    689.920    34.6437     4.8906    27.7914    572.357    1460.46    1449.00 0.0000e+00
      16578    580.000     0.5124   2.947061     1.7447   116.0011      89.19    690.694    34.6440     4.8905    27.7916    573.344    1460.48    1449.01 0.0000e+00
      16596    581.000     0.5124   2.947135     1.7447   111.1572      56.62    691.474    34.6444     4.8911    27.7918    574.331    1460.49    1449.03 0.0000e+00
