tests/test_data/sbe_files/sbe911plus/dml_2020/sta014_01.cnv
* Sea-Bird SBE 9 Data File:
* FileName = C:\DML_2020\hex_data\sta014_01.hex
* Software Version Seasave V 7.21b
* Temperature SN = 5299
* Conductivity SN = 3742
* Number of Bytes Per Scan = 45
* Number of Voltage Words = 4
* Number of Scans Averaged by the Deck Unit = 1
* NMEA Latitude = 69 03.65 S
* NMEA Longitude = 006 02.87 E
* NMEA UTC (Time) = Jan 05 2021  15:58:23
* NMEA baud rate = 4800
** Cruise: DML 2020
** Ship: Malik Arctica
** Station (File Number):  014
** Latitude:
** Longitude:
** Echodepth (m):
** Seastate:
# nquan = 15
# nvalues = 2219                        
# units = specified
# name 0 = scan: Scan Count
# name 1 = prDM: Pressure, Digiquartz [db]
# name 2 = t090C: Temperature [ITS-90, deg C]
# name 3 = c0S/m: Conductivity [S/m]
# name 4 = sbeox0V: Oxygen raw, SBE 43 [V]
# name 5 = flECO-AFL: Fluorescence, WET Labs ECO-AFL/FL [mg/m^3]
# name 6 = altM: Altimeter [m]
# name 7 = timeS: Time, Elapsed [seconds]
# name 8 = sal00: Salinity, Practical [PSU]
# name 9 = sbeox0ML/L: Oxygen, SBE 43 [ml/l], WS = 2
# name 10 = sigma-é00: Density [sigma-theta, kg/m^3]
# name 11 = depSM: Depth [salt water, m], lat = -69.0608
# name 12 = svCM: Sound Velocity [Chen-Millero, m/s]
# name 13 = avgsvCM: Average Sound Velocity [Chen-Millero, m/s], minP = 20, minS = 20
# name 14 = flag: flag
# span 0 =       3260,      60539       
# span 1 =      2.000,   2220.000       
# span 2 =    -1.8017,     0.7244       
# span 3 =   2.696303,   2.976075       
# span 4 =     1.5139,     2.3985       
# span 5 =     1.0259,     4.3432       
# span 6 =      10.97,     100.43       
# span 7 =    135.791,   2522.424       
# span 8 =    34.0754,    34.6791       
# span 9 =     4.7400,     7.4773       
# span 10 =    27.4254,    27.8395      
# span 11 =      1.980,   2186.064      
# span 12 =    1440.20,    1485.65      
# span 13 =       0.00,    1467.35      
# span 14 = 0.0000e+00, 0.0000e+00      
# interval = decibars: 1                
# start_time = Jan 05 2021 15:58:23 [NMEA time, first data scan]
# bad_flag = -9.990e-29
*END*
[from data line 1061]
      32291   1063.000     0.4195   2.962882     1.6372     1.0466      98.30   1345.402    34.6780     4.7622    27.8259   1049.611    1468.08    1457.38 0.0000e+00
      32315   1064.000     0.4189   2.962874     1.6368     1.0601      83.86   1346.401    34.6780     4.7602    27.8259   1050.596    1468.09    1457.39 0.0000e+00
      32339   1065.000     0.4189   2.962912     1.6365     1.0662      77.43   1347.411    34.6780     4.7628    27.8259   1051.581    1468.10    1457.40 0.0000e+00
      32363   1066.000     0.4185   2.962919     1.6364     1.0502      98.62   1348.414    34.6779     4.7608    27.8259   1052.565    1468.12    1457.41 0.0000e+00
      32387   1067.000     0.4167   2.962807     1.6361     1.0550      98.68   1349.425    34.6779     4.7635    27.8260   1053.550    1468.13    1457.42 0.0000e+00
      32411   1068.000     0.4153   2.962734     1.6361     1.0721      98.68   1350.425    34.6779     4.7621    27.8260   1054.535    1468.14    1457.43 0.0000e+00
      32435   1069.000     0.4148   2.962722     1.6359     1.0468      98.68   1351.428    34.6778     4.7604    27.8260   1055.520    1468.15    1457.44 0.0000e+00
      32459   1070.000     0.4137   2.962677     1.6353     1.0466      98.68   1352.418    34.6779     4.7588    27.8261   1056.505    1468.16    1457.45 0.0000e+00
      32483   1071.000     0.4137   2.962711     1.6353     1.0478      74.48   1353.410    34.6778     4.7632    27.8261   1057.490    1468.18    1457.46 0.0000e+00
      32506   1072.000     0.4130   2.962701     1.6353     1.0962      98.07   1354.395    34.6778     4.7647    27.8262   1058.475    1468.19    1457.47 0.0000e+00
      32530   1073.000     0.4130   2.962734     1.6353     1.0637      98.68   1355.381    34.6777     4.7664    27.8260   1059.460    1468.21    1457.48 0.0000e+00
      32554   1074.000     0.4124   2.962736     1.6353     1.0473      98.68   1356.365    34.6778     4.7662    27.8262   1060.444    1468.22    1457.49 0.0000e+00
      32577   1075.000     0.4121   2.962748     1.6352     1.0466      98.68   1357.351    34.6778     4.7661    27.8262   1061.429    1468.24    1457.50 0.0000e+00
      32601   1076.000     0.4118   2.962765     1.6351     1.0466      98.68   1358.332    34.6778     4.7647    27.8262   1062.414    1468.26    1457.51 0.0000e+00
      32625   1077.000     0.4111   2.962744     1.6349     1.0478      98.63   1359.313    34.6777     4.7649    27.8262   1063.399    1468.27    1457.52 0.0000e+00
      32648   1078.000     0.4106   2.962731     1.6349     1.0517      84.48   1360.292    34.6776     4.7656    27.8261   1064.384    1468.28    1457.53 0.0000e+00
      32671   1079.000     0.4100   2.962732     1.6347     1.0768      32.14   1361.262    34.6777     4.7707    27.8262   1065.369    1468.30    1457.54 0.0000e+00
      32695   1080.000     0.4095   2.962738     1.6353     1.0759      79.04   1362.246    34.6777     4.7746    27.8263   1066.354    1468.31    1457.55 0.0000e+00
      32718   1081.000     0.4093   2.962762     1.6350     1.0480      92.28   1363.225    34.6777     4.7627    27.8263   1067.338    1468.33    1457.56 0.0000e+00
      32742   1082.000     0.4093   2.962805     1.6345     1.0466      98.62   1364.219    34.6777     4.7622    27.8263   1068.323    1468.34    1457.57 0.0000e+00
      32766   1083.000     0.4090   2.962812     1.6345     1.0466      98.68   1365.217    34.6775     4.7697    27.8262   1069.308    1468.36    1457.58 0.0000e+00
      32790   1084.000     0.4087   2.962834     1.6342     1.0466      96.54   1366.220    34.6777     4.7656    27.8263   1070.293    1468.37    1457.59 0.0000e+00
      32814   1085.000     0.4082   2.962832     1.6341     1.0477      81.94   1367.218    34.6777     4.7661    27.8263   1071.278    1468.39    1457.60 0.0000e+00
      32838   1086.000     0.4076   2.962833     1.6340     1.0467      98.47   1368.216    34.6777     4.7680    27.8264   1072.262    1468.40    1457.61 0.0000e+00
      32862   1087.000     0.4074   2.962854     1.6339     1.0587      98.68   1369.216    34.6777     4.7682    27.8264   1073.247    1468.42    1457.62 0.0000e+00
      32886   1088.000     0.4073   2.962887     1.6337     1.0670      98.68   1370.207    34.6777     4.7638    27.8264   1074.232    1468.43    1457.63 0.0000e+00
      32910   1089.000     0.4070   2.962907     1.6333     1.0526      98.68   1371.195    34.6777     4.7635    27.8264   1075.217    1468.45    1457.64 0.0000e+00
      32933   1090.000     0.4066   2.962912     1.6332     1.0733      98.68   1372.181    34.6776     4.7704    27.8264   1076.201    1468.46    1457.65 0.0000e+00
      32957   1091.000     0.4066   2.962956     1.6334     1.0472      92.50   1373.184    34.6776     4.7701    27.8264   1077.186    1468.48    1457.66 0.0000e+00
      32981   1092.000     0.4064   2.962982     1.6332     1.0754      68.68   1374.185    34.6777     4.7661    27.8265   1078.171    1468.50    1457.67 0.0000e+00
      33006   1093.000     0.4063   2.963017     1.6330     1.0491      64.41   1375.203    34.6777     4.7675    27.8265   1079.156    1468.51    1457.67 0.0000e+00
      33030   1094.000     0.4061   2.963037     1.6330     1.0964      98.26   1376.217    34.6776     4.7710    27.8264   1080.141    1468.53    1457.68 0.0000e+00
      33055   1095.000     0.4059   2.963069     1.6329     1.0609      98.68   1377.235    34.6776     4.7672    27.8265   1081.125    1468.54    1457.70 0.0000e+00
      33080   1096.000     0.4048   2.963013     1.6329     1.0469      98.68   1378.272    34.6775     4.7690    27.8265   1082.110    1468.55    1457.71 0.0000e+00
      33105   1097.000     0.4045   2.963029     1.6326     1.0328      98.68   1379.321    34.6776     4.7683    27.8266   1083.095    1468.57    1457.72 0.0000e+00
      33130   1098.000     0.4043   2.963064     1.6325     1.0406      98.68   1380.365    34.6777     4.7703    27.8266   1084.080    1468.59    1457.73 0.0000e+00
      33155   1099.000     0.4038   2.963051     1.6324     1.0466      98.68   1381.408    34.6776     4.7668    27.8266   1085.064    1468.60    1457.74 0.0000e+00
      33179   1100.000     0.4040   2.963120     1.6321     1.0466      89.41   1382.437    34.6777     4.7636    27.8266   1086.049    1468.62    1457.75 0.0000e+00
      33204   1101.000     0.4028   2.963061     1.6317     1.0466      49.39   1383.462    34.6776     4.7685    27.8267   1087.034    1468.63    1457.76 0.0000e+00
      33229   1102.000     0.4009   2.962926     1.6315     1.0478      88.71   1384.498    34.6775     4.7670    27.8266   1088.019    1468.64    1457.77 0.0000e+00
      33254   1103.000     0.4000   2.962890     1.6318     1.0478      98.57   1385.530    34.6774     4.7703    27.8267   1089.003    1468.65    1457.78 0.0000e+00
      33279   1104.000     0.3990   2.962845     1.6311     1.0478      98.34   1386.576    34.6775     4.7631    27.8268   1089.988    1468.66    1457.78 0.0000e+00
      33304   1105.000     0.3979   2.962797     1.6312     1.0466      73.20   1387.625    34.6775     4.7687    27.8268   1090.973    1468.67    1457.79 0.0000e+00
      33329   1106.000     0.3972   2.962777     1.6310     1.0488      73.90   1388.681    34.6774     4.7707    27.8268   1091.957    1468.69    1457.80 0.0000e+00
      33354   1107.000     0.3968   2.962786     1.6308     1.0535      98.19   1389.729    34.6774     4.7659    27.8269   1092.942    1468.70    1457.81 0.0000e+00
      33380   1108.000     0.3967   2.962824     1.6307     1.0733      98.68   1390.779    34.6774     4.7706    27.8269   1093.927    1468.72    1457.82 0.0000e+00
      33405   1109.000     0.3968   2.962869     1.6306     1.0464      98.68   1391.821    34.6774     4.7686    27.8269   1094.911    1468.73    1457.83 0.0000e+00
      33429   1110.000     0.3968   2.962913     1.6303     1.0478      98.68   1392.850    34.6774     4.7674    27.8268   1095.896    1468.75    1457.84 0.0000e+00
      33454   1111.000     0.3966   2.962945     1.6305     1.0466      98.22   1393.877    34.6774     4.7699    27.8269   1096.881    1468.76    1457.85 0.0000e+00
      33479   1112.000     0.3964   2.962966     1.6300     1.0466      60.14   1394.902    34.6774     4.7638    27.8269   1097.866    1468.78    1457.86 0.0000e+00
      33504   1113.000     0.3959   2.962965     1.6297     1.0478      98.74   1395.939    34.6774     4.7654    27.8269   1098.850    1468.80    1457.87 0.0000e+00
      33528   1114.000     0.3949   2.962917     1.6295     1.0474      46.46   1396.975    34.6773     4.7695    27.8269   1099.835    1468.81    1457.88 0.0000e+00
      33554   1115.000     0.3947   2.962944     1.6298     1.0469      96.17   1398.024    34.6773     4.7746    27.8269   1100.820    1468.82    1457.89 0.0000e+00
      33579   1116.000     0.3946   2.962973     1.6298     1.0478      56.77   1399.071    34.6773     4.7715    27.8269   1101.804    1468.84    1457.90 0.0000e+00
      33604   1117.000     0.3935   2.962932     1.6296     1.0478      91.76   1400.129    34.6774     4.7708    27.8271   1102.789    1468.85    1457.91 0.0000e+00
      33629   1118.000     0.3930   2.962929     1.6299     1.0679      98.76   1401.179    34.6774     4.7732    27.8271   1103.774    1468.86    1457.92 0.0000e+00
      33654   1119.000     0.3927   2.962948     1.6294     1.0558      98.68   1402.225    34.6773     4.7672    27.8271   1104.758    1468.88    1457.93 0.0000e+00
      33679   1120.000     0.3925   2.962978     1.6293     1.0476      98.68   1403.262    34.6774     4.7708    27.8271   1105.743    1468.90    1457.94 0.0000e+00
      33704   1121.000     0.3924   2.963013     1.6292     1.0478      98.68   1404.292    34.6775     4.7724    27.8272   1106.727    1468.91    1457.95 0.0000e+00
      33729   1122.000     0.3922   2.963033     1.6292     1.0466      86.50   1405.324    34.6774     4.7741    27.8272   1107.712    1468.93    1457.96 0.0000e+00
      33753   1123.000     0.3921   2.963062     1.6292     1.0466      73.36   1406.348    34.6773     4.7693    27.8271   1108.697    1468.94    1457.97 0.0000e+00
      33778   1124.000     0.3916   2.963057     1.6287     1.0596      98.81   1407.380    34.6773     4.7665    27.8271   1109.681    1468.96    1457.98 0.0000e+00
      33803   1125.000     0.3909   2.963050     1.6283     1.0653      98.68   1408.411    34.6773     4.7670    27.8272   1110.666    1468.97    1457.99 0.0000e+00
      33828   1126.000     0.3900   2.963010     1.6283     1.0466      98.68   1409.456    34.6773     4.7712    27.8272   1111.651    1468.98    1458.00 0.0000e+00
      33853   1127.000     0.3889   2.962950     1.6280     1.0466      98.68   1410.499    34.6772     4.7670    27.8272   1112.635    1469.00    1458.01 0.0000e+00
      33878   1128.000     0.3880   2.962932     1.6276     1.0466      98.68   1411.546    34.6773     4.7677    27.8273   1113.620    1469.01    1458.02 0.0000e+00
      33903   1129.000     0.3880   2.962963     1.6277     1.0478      73.47   1412.591    34.6772     4.7695    27.8273   1114.604    1469.02    1458.03 0.0000e+00
      33928   1130.000     0.3885   2.963048     1.6273     1.0466      98.59   1413.642    34.6772     4.7680    27.8273   1115.589    1469.04    1458.04 0.0000e+00
      33954   1131.000     0.3871   2.962974     1.6274     1.0466      66.95   1414.691    34.6772     4.7720    27.8273   1116.573    1469.05    1458.05 0.0000e+00
      33979   1132.000     0.3852   2.962833     1.6271     1.0489      94.04   1415.732    34.6770     4.7680    27.8273   1117.558    1469.06    1458.06 0.0000e+00
      34003   1133.000     0.3830   2.962702     1.6269     1.0753      98.66   1416.766    34.6772     4.7709    27.8275   1118.543    1469.07    1458.07 0.0000e+00
      34028   1134.000     0.3822   2.962671     1.6270     1.0468      98.68   1417.798    34.6771     4.7736    27.8275   1119.527    1469.08    1458.08 0.0000e+00
      34053   1135.000     0.3805   2.962560     1.6270     1.0466      98.68   1418.836    34.6770     4.7742    27.8275   1120.512    1469.09    1458.09 0.0000e+00
      34078   1136.000     0.3792   2.962498     1.6268     1.0723      98.68   1419.872    34.6771     4.7693    27.8277   1121.496    1469.10    1458.10 0.0000e+00
      34103   1137.000     0.3788   2.962513     1.6268     1.0513      91.43   1420.915    34.6771     4.7780    27.8278   1122.481    1469.12    1458.11 0.0000e+00
      34128   1138.000     0.3785   2.962522     1.6269     1.0466      80.25   1421.957    34.6770     4.7723    27.8277   1123.466    1469.13    1458.12 0.0000e+00
      34153   1139.000     0.3785   2.962566     1.6266     1.0691      98.84   1423.009    34.6771     4.7731    27.8277   1124.450    1469.15    1458.13 0.0000e+00
      34178   1140.000     0.3781   2.962564     1.6264     1.0556      98.68   1424.060    34.6770     4.7693    27.8277   1125.435    1469.16    1458.13 0.0000e+00
      34204   1141.000     0.3765   2.962478     1.6261     1.0467      98.68   1425.115    34.6770     4.7710    27.8278   1126.419    1469.17    1458.14 0.0000e+00
      34229   1142.000     0.3766   2.962524     1.6260     1.0466      98.68   1426.160    34.6770     4.7730    27.8278   1127.404    1469.19    1458.15 0.0000e+00
      34254   1143.000     0.3762   2.962526     1.6257     1.0640      98.68   1427.198    34.6769     4.7714    27.8278   1128.388    1469.20    1458.16 0.0000e+00
      34278   1144.000     0.3760   2.962557     1.6257     1.0600      78.89   1428.229    34.6770     4.7742    27.8278   1129.373    1469.22    1458.17 0.0000e+00
      34303   1145.000     0.3761   2.962614     1.6258     1.0478      98.69   1429.250    34.6770     4.7798    27.8278   1130.357    1469.24    1458.18 0.0000e+00
      34328   1146.000     0.3759   2.962638     1.6260     1.0577      98.68   1430.278    34.6770     4.7773    27.8279   1131.342    1469.25    1458.19 0.0000e+00
      34352   1147.000     0.3753   2.962626     1.6257     1.0654      98.68   1431.304    34.6770     4.7721    27.8279   1132.326    1469.27    1458.20 0.0000e+00
      34377   1148.000     0.3750   2.962651     1.6256     1.0559      98.68   1432.341    34.6771     4.7761    27.8280   1133.311    1469.28    1458.21 0.0000e+00
      34402   1149.000     0.3751   2.962693     1.6255     1.0697      98.68   1433.377    34.6769     4.7734    27.8279   1134.295    1469.30    1458.22 0.0000e+00
      34427   1150.000     0.3762   2.962836     1.6252     1.0470      86.24   1434.433    34.6770     4.7776    27.8279   1135.280    1469.32    1458.23 0.0000e+00
      34453   1151.000     0.3761   2.962869     1.6256     1.0548      85.41   1435.495    34.6770     4.7785    27.8278   1136.264    1469.34    1458.24 0.0000e+00
      34479   1152.000     0.3761   2.962910     1.6254     1.0714      98.68   1436.563    34.6770     4.7784    27.8279   1137.249    1469.35    1458.25 0.0000e+00
      34504   1153.000     0.3748   2.962840     1.6250     1.0524      98.68   1437.628    34.6770     4.7700    27.8279   1138.233    1469.36    1458.26 0.0000e+00
      34529   1154.000     0.3740   2.962817     1.6251     1.0780      98.68   1438.681    34.6770     4.7813    27.8280   1139.218    1469.38    1458.26 0.0000e+00
      34555   1155.000     0.3734   2.962803     1.6250     1.0736      98.68   1439.731    34.6770     4.7731    27.8280   1140.202    1469.39    1458.27 0.0000e+00
      34580   1156.000     0.3731   2.962823     1.6246     1.0480      97.46   1440.784    34.6770     4.7744    27.8280   1141.187    1469.41    1458.28 0.0000e+00
      34605   1157.000     0.3728   2.962833     1.6245     1.0466      82.26   1441.853    34.6769     4.7740    27.8280   1142.171    1469.42    1458.29 0.0000e+00
