tests/test_data/sbe_files/sbe911plus/dml_2020/sta013_01.cnv
* Sea-Bird SBE 9 Data File:
* FileName = C:\DML_2020\hex_data\sta013_01.hex
* Software Version Seasave V 7.21b
* Temperature SN = 5299
* Conductivity SN = 3742
* Number of Bytes Per Scan = 45
* Number of Voltage Words = 4
* Number of Scans Averaged by the Deck Unit = 1
* NMEA Latitude = 69 25.10 S
* NMEA Longitude = 006 10.92 E
* NMEA UTC (Time) = Jan 04 2021  14:51:19
* NMEA baud rate = 4800
** Cruise: DML 2020
** Ship: Malik Arctica
** Station (File Number):  012
** Latitude:
** Longitude:
** Echodepth (m):
** Seastate:
# nquan = 15
# nvalues = 1513                        
# units = specified
# name 0 = scan: Scan Count
# name 1 = prDM: Pressure, Digiquartz [db]
# name 2 = t090C: Temperature [ITS-90, deg C]
# name 3 = c0S/m: Conductivity [S/m]
# name 4 = sbeox0V: Oxygen raw, SBE 43 [V]
# name 5 = flECO-AFL: Fluorescence, WET Labs ECO-AFL/FL [mg/m^3]
# name 6 = altM: Altimeter [m]
# name 7 = timeS: Time, Elapsed [seconds]
# name 8 = sal00: Salinity, Practical [PSU]
# name 9 = sbeox0ML/L: Oxygen, SBE 43 [ml/l], WS = 2
# name 10 = sigma-é00: Density [sigma-theta, kg/m^3]
# name 11 = depSM: Depth [salt water, m], lat = -69.4183
# name 12 = svCM: Sound Velocity [Chen-Millero, m/s]
# name 13 = avgsvCM: Average Sound Velocity [Chen-Millero, m/s], minP = 20, minS = 20
# name 14 = flag: flag
# span 0 =       3286,      46412       
# span 1 =      4.000,   1517.000       
# span 2 =    -1.8232,     0.6011       
# span 3 =   2.694586,   2.967257       
# span 4 =     1.5852,     2.4273       
# span 5 =     1.0271,   119.0221       
# span 6 =      10.39,      99.76       
# span 7 =    136.879,   1933.807       
# span 8 =    34.0340,    34.6786       
# span 9 =     4.7364,     7.5918       
# span 10 =    27.3906,    27.8339      
# span 11 =      3.960,   1496.247      
# span 12 =    1440.18,    1474.67      
# span 13 =       0.00,    1460.57      
# span 14 = 0.0000e+00, 0.0000e+00      
# interval = decibars: 1                
# start_time = Jan 04 2021 14:51:19 [NMEA time, first data scan]
# bad_flag = -9.990e-29
*END*
[from data line 1157]
      31586   1162.000     0.4119   2.966476     1.6207     1.1344      93.62   1316.042    34.6779     4.7560    27.8266   1147.068    1469.68    1457.07 0.0000e+00
      31606   1163.000     0.4110   2.966426     1.6205     1.1139      50.52   1316.895    34.6777     4.7596    27.8265   1148.053    1469.69    1457.08 0.0000e+00
      31627   1164.000     0.4103   2.966419     1.6207     1.1198      98.98   1317.734    34.6778     4.7580    27.8266   1149.037    1469.71    1457.10 0.0000e+00
      31647   1165.000     0.4084   2.966294     1.6203     1.1495      98.68   1318.570    34.6777     4.7579    27.8266   1150.022    1469.72    1457.11 0.0000e+00
      31667   1166.000     0.4073   2.966242     1.6204     1.2229      98.68   1319.402    34.6777     4.7617    27.8267   1151.006    1469.73    1457.12 0.0000e+00
      31687   1167.000     0.4074   2.966290     1.6203     1.2224      98.68   1320.236    34.6777     4.7579    27.8267   1151.990    1469.75    1457.13 0.0000e+00
      31707   1168.000     0.4064   2.966239     1.6203     1.2713      98.68   1321.072    34.6776     4.7585    27.8267   1152.975    1469.76    1457.14 0.0000e+00
      31727   1169.000     0.4049   2.966145     1.6201     1.3019      98.68   1321.917    34.6775     4.7625    27.8267   1153.959    1469.77    1457.15 0.0000e+00
      31747   1170.000     0.4044   2.966147     1.6201     1.2805      85.56   1322.765    34.6775     4.7633    27.8267   1154.944    1469.78    1457.16 0.0000e+00
      31768   1171.000     0.4049   2.966237     1.6203     1.2245      61.66   1323.623    34.6776     4.7615    27.8267   1155.928    1469.80    1457.17 0.0000e+00
      31789   1172.000     0.4046   2.966253     1.6198     1.1797      98.24   1324.490    34.6776     4.7599    27.8268   1156.912    1469.82    1457.18 0.0000e+00
      31810   1173.000     0.4048   2.966314     1.6199     1.1502      98.68   1325.365    34.6776     4.7606    27.8268   1157.897    1469.83    1457.19 0.0000e+00
      31831   1174.000     0.4034   2.966227     1.6195     1.1345      98.68   1326.250    34.6775     4.7618    27.8268   1158.881    1469.84    1457.20 0.0000e+00
      31852   1175.000     0.4026   2.966202     1.6198     1.1358      98.68   1327.138    34.6774     4.7675    27.8268   1159.866    1469.86    1457.22 0.0000e+00
      31874   1176.000     0.4013   2.966129     1.6198     1.1345      98.68   1328.029    34.6774     4.7627    27.8268   1160.850    1469.87    1457.23 0.0000e+00
      31895   1177.000     0.4009   2.966144     1.6195     1.1345      98.68   1328.909    34.6775     4.7583    27.8269   1161.834    1469.88    1457.24 0.0000e+00
      31916   1178.000     0.4005   2.966152     1.6191     1.1040      54.99   1329.785    34.6774     4.7640    27.8269   1162.819    1469.90    1457.24 0.0000e+00
      31937   1179.000     0.4004   2.966189     1.6196     1.0773      91.07   1330.647    34.6776     4.7700    27.8270   1163.803    1469.91    1457.25 0.0000e+00
      31957   1180.000     0.4002   2.966207     1.6193     1.0779      93.08   1331.500    34.6774     4.7566    27.8269   1164.787    1469.93    1457.27 0.0000e+00
      31977   1181.000     0.3978   2.966037     1.6188     1.1341      27.02   1332.342    34.6774     4.7622    27.8270   1165.772    1469.93    1457.28 0.0000e+00
      31998   1182.000     0.3970   2.966006     1.6189     1.1775      97.43   1333.194    34.6773     4.7683    27.8270   1166.756    1469.95    1457.29 0.0000e+00
      32020   1183.000     0.3969   2.966038     1.6190     1.1784      98.68   1334.111    34.6773     4.7627    27.8270   1167.740    1469.96    1457.30 0.0000e+00
      32042   1184.000     0.3966   2.966056     1.6185     1.1365      98.68   1335.035    34.6773     4.7593    27.8270   1168.725    1469.98    1457.31 0.0000e+00
      32063   1185.000     0.3949   2.965948     1.6183     1.0741      98.68   1335.903    34.6772     4.7666    27.8271   1169.709    1469.99    1457.32 0.0000e+00
      32084   1186.000     0.3934   2.965871     1.6186     1.0483      98.68   1336.782    34.6773     4.7692    27.8272   1170.693    1470.00    1457.33 0.0000e+00
      32106   1187.000     0.3923   2.965802     1.6184     1.0965      92.34   1337.699    34.6770     4.7639    27.8271   1171.677    1470.01    1457.34 0.0000e+00
      32128   1188.000     0.3914   2.965756     1.6183     1.0664      55.51   1338.608    34.6769     4.7687    27.8271   1172.662    1470.02    1457.35 0.0000e+00
      32149   1189.000     0.3909   2.965767     1.6182     1.0464      76.06   1339.508    34.6770     4.7676    27.8271   1173.646    1470.03    1457.36 0.0000e+00
      32171   1190.000     0.3907   2.965785     1.6182     1.0534      99.02   1340.409    34.6770     4.7690    27.8272   1174.630    1470.05    1457.37 0.0000e+00
      32193   1191.000     0.3904   2.965802     1.6184     1.0791      98.68   1341.326    34.6770     4.7716    27.8272   1175.615    1470.06    1457.38 0.0000e+00
      32215   1192.000     0.3907   2.965881     1.6183     1.1369      98.68   1342.250    34.6771     4.7677    27.8272   1176.599    1470.08    1457.40 0.0000e+00
      32237   1193.000     0.3902   2.965876     1.6180     1.0844      98.68   1343.179    34.6770     4.7682    27.8272   1177.583    1470.10    1457.40 0.0000e+00
      32259   1194.000     0.3891   2.965801     1.6181     1.0760      92.82   1344.096    34.6768     4.7735    27.8271   1178.568    1470.11    1457.41 0.0000e+00
      32281   1195.000     0.3881   2.965772     1.6181     1.0912      72.10   1344.999    34.6769     4.7705    27.8273   1179.552    1470.12    1457.42 0.0000e+00
      32302   1196.000     0.3874   2.965747     1.6179     1.0983      52.18   1345.888    34.6769     4.7673    27.8272   1180.536    1470.13    1457.44 0.0000e+00
      32323   1197.000     0.3865   2.965718     1.6178     1.0769      99.57   1346.767    34.6769     4.7705    27.8273   1181.520    1470.15    1457.45 0.0000e+00
      32344   1198.000     0.3858   2.965693     1.6178     1.0773      98.68   1347.640    34.6767     4.7699    27.8273   1182.505    1470.16    1457.46 0.0000e+00
      32365   1199.000     0.3848   2.965632     1.6175     1.0772      98.68   1348.519    34.6765     4.7685    27.8271   1183.489    1470.17    1457.47 0.0000e+00
      32387   1200.000     0.3826   2.965478     1.6172     1.1090      98.68   1349.405    34.6764     4.7694    27.8272   1184.473    1470.18    1457.48 0.0000e+00
      32408   1201.000     0.3817   2.965441     1.6174     1.1066      98.68   1350.295    34.6764     4.7712    27.8272   1185.457    1470.19    1457.49 0.0000e+00
      32430   1202.000     0.3812   2.965442     1.6169     1.0514      98.68   1351.197    34.6765     4.7706    27.8273   1186.442    1470.21    1457.50 0.0000e+00
      32451   1203.000     0.3806   2.965435     1.6171     1.0770      98.68   1352.096    34.6764     4.7756    27.8273   1187.426    1470.22    1457.51 0.0000e+00
      32473   1204.000     0.3807   2.965477     1.6170     1.0773      82.19   1353.002    34.6763     4.7735    27.8272   1188.410    1470.24    1457.52 0.0000e+00
      32495   1205.000     0.3814   2.965580     1.6172     1.1174      87.72   1353.901    34.6763     4.7794    27.8272   1189.394    1470.26    1457.53 0.0000e+00
      32516   1206.000     0.3812   2.965606     1.6174     1.1053      98.58   1354.804    34.6764     4.7775    27.8273   1190.378    1470.27    1457.54 0.0000e+00
      32538   1207.000     0.3808   2.965616     1.6171     1.0761      98.68   1355.702    34.6764     4.7750    27.8273   1191.363    1470.29    1457.55 0.0000e+00
      32559   1208.000     0.3808   2.965665     1.6175     1.0813      98.68   1356.599    34.6764     4.7807    27.8273   1192.347    1470.30    1457.56 0.0000e+00
      32581   1209.000     0.3805   2.965677     1.6172     1.1338      98.68   1357.489    34.6764     4.7675    27.8273   1193.331    1470.32    1457.57 0.0000e+00
      32602   1210.000     0.3792   2.965592     1.6166     1.1345      98.68   1358.377    34.6762     4.7755    27.8272   1194.315    1470.33    1457.58 0.0000e+00
      32623   1211.000     0.3787   2.965590     1.6169     1.1004      98.29   1359.241    34.6761     4.7793    27.8272   1195.299    1470.34    1457.59 0.0000e+00
      32643   1212.000     0.3784   2.965609     1.6167     1.0856      74.31   1360.086    34.6762     4.7771    27.8273   1196.284    1470.36    1457.61 0.0000e+00
      32664   1213.000     0.3775   2.965572     1.6167     1.1053      98.82   1360.942    34.6761     4.7787    27.8273   1197.268    1470.37    1457.61 0.0000e+00
      32684   1214.000     0.3751   2.965414     1.6168     1.1052      98.68   1361.802    34.6762     4.7771    27.8275   1198.252    1470.38    1457.62 0.0000e+00
      32705   1215.000     0.3750   2.965452     1.6163     1.1289      98.68   1362.666    34.6762     4.7751    27.8275   1199.236    1470.39    1457.63 0.0000e+00
      32726   1216.000     0.3750   2.965492     1.6165     1.1344      98.68   1363.530    34.6762     4.7809    27.8275   1200.220    1470.41    1457.64 0.0000e+00
      32747   1217.000     0.3724   2.965302     1.6163     1.1345      98.68   1364.400    34.6760     4.7785    27.8275   1201.205    1470.41    1457.66 0.0000e+00
      32768   1218.000     0.3705   2.965188     1.6162     1.1345      98.68   1365.281    34.6761     4.7785    27.8277   1202.189    1470.42    1457.67 0.0000e+00
      32789   1219.000     0.3711   2.965280     1.6161     1.1345      98.68   1366.178    34.6762     4.7785    27.8277   1203.173    1470.44    1457.68 0.0000e+00
      32810   1220.000     0.3705   2.965273     1.6159     1.0892      98.68   1367.062    34.6761     4.7799    27.8277   1204.157    1470.45    1457.69 0.0000e+00
      32832   1221.000     0.3710   2.965355     1.6160     1.0940      98.68   1367.941    34.6761     4.7789    27.8277   1205.141    1470.47    1457.70 0.0000e+00
      32853   1222.000     0.3701   2.965319     1.6157     1.0858      68.02   1368.815    34.6761     4.7794    27.8277   1206.125    1470.49    1457.71 0.0000e+00
      32874   1223.000     0.3692   2.965277     1.6157     1.0502      95.91   1369.689    34.6760     4.7790    27.8277   1207.109    1470.50    1457.71 0.0000e+00
      32894   1224.000     0.3695   2.965350     1.6155     1.0788      98.68   1370.561    34.6760     4.7817    27.8277   1208.094    1470.52    1457.73 0.0000e+00
      32915   1225.000     0.3695   2.965394     1.6155     1.0999      98.68   1371.427    34.6761     4.7785    27.8278   1209.078    1470.53    1457.74 0.0000e+00
      32936   1226.000     0.3694   2.965436     1.6152     1.1220      98.68   1372.293    34.6762     4.7786    27.8278   1210.062    1470.55    1457.75 0.0000e+00
      32957   1227.000     0.3687   2.965406     1.6152     1.1358      98.68   1373.161    34.6760     4.7798    27.8277   1211.046    1470.57    1457.76 0.0000e+00
      32978   1228.000     0.3677   2.965361     1.6149     1.1340      98.68   1374.027    34.6760     4.7785    27.8278   1212.030    1470.58    1457.77 0.0000e+00
      32998   1229.000     0.3679   2.965423     1.6150     1.1057      96.69   1374.874    34.6760     4.7827    27.8278   1213.014    1470.59    1457.78 0.0000e+00
      33018   1230.000     0.3682   2.965503     1.6148     1.1299      74.09   1375.723    34.6761     4.7821    27.8279   1213.998    1470.61    1457.79 0.0000e+00
      33039   1231.000     0.3678   2.965501     1.6149     1.1345      98.48   1376.576    34.6761     4.7859    27.8278   1214.982    1470.63    1457.80 0.0000e+00
      33059   1232.000     0.3680   2.965568     1.6149     1.1345      98.68   1377.431    34.6761     4.7829    27.8279   1215.967    1470.64    1457.81 0.0000e+00
      33080   1233.000     0.3680   2.965601     1.6147     1.1345      98.68   1378.280    34.6760     4.7774    27.8278   1216.951    1470.66    1457.82 0.0000e+00
      33100   1234.000     0.3671   2.965580     1.6144     1.1613      98.67   1379.136    34.6762     4.7817    27.8280   1217.935    1470.67    1457.83 0.0000e+00
      33121   1235.000     0.3666   2.965581     1.6143     1.1638      77.78   1379.990    34.6761     4.7805    27.8280   1218.919    1470.69    1457.84 0.0000e+00
      33141   1236.000     0.3650   2.965475     1.6143     1.1425      99.03   1380.848    34.6760     4.7876    27.8280   1219.903    1470.70    1457.85 0.0000e+00
      33162   1237.000     0.3614   2.965188     1.6144     1.1090      98.68   1381.707    34.6758     4.7842    27.8280   1220.887    1470.69    1457.86 0.0000e+00
      33183   1238.000     0.3607   2.965169     1.6140     1.1379      98.68   1382.563    34.6758     4.7779    27.8280   1221.871    1470.71    1457.87 0.0000e+00
      33203   1239.000     0.3596   2.965117     1.6138     1.1583      98.68   1383.418    34.6757     4.7825    27.8281   1222.855    1470.72    1457.88 0.0000e+00
      33224   1240.000     0.3588   2.965092     1.6137     1.1476      98.68   1384.274    34.6757     4.7827    27.8281   1223.839    1470.74    1457.89 0.0000e+00
      33244   1241.000     0.3577   2.965037     1.6135     1.1443      98.68   1385.130    34.6757     4.7812    27.8282   1224.823    1470.74    1457.90 0.0000e+00
      33264   1242.000     0.3573   2.965048     1.6132     1.1638      98.58   1385.978    34.6757     4.7782    27.8282   1225.807    1470.76    1457.91 0.0000e+00
      33285   1243.000     0.3573   2.965084     1.6130     1.1638      65.27   1386.827    34.6757     4.7834    27.8282   1226.791    1470.78    1457.92 0.0000e+00
      33305   1244.000     0.3577   2.965161     1.6130     1.1437      98.04   1387.671    34.6757     4.7897    27.8281   1227.775    1470.80    1457.93 0.0000e+00
      33325   1245.000     0.3571   2.965155     1.6134     1.1593      98.68   1388.516    34.6757     4.7907    27.8282   1228.759    1470.81    1457.94 0.0000e+00
      33345   1246.000     0.3562   2.965111     1.6133     1.2007      98.68   1389.351    34.6756     4.7873    27.8282   1229.743    1470.82    1457.95 0.0000e+00
      33366   1247.000     0.3539   2.964947     1.6132     1.2529      98.68   1390.191    34.6755     4.7831    27.8282   1230.728    1470.83    1457.96 0.0000e+00
      33386   1248.000     0.3532   2.964943     1.6128     1.2992      98.68   1391.031    34.6756     4.7783    27.8284   1231.712    1470.84    1457.97 0.0000e+00
      33406   1249.000     0.3532   2.964978     1.6125     1.3552      98.68   1391.878    34.6756     4.7857    27.8283   1232.696    1470.86    1457.98 0.0000e+00
      33426   1250.000     0.3531   2.965021     1.6125     1.3704      94.35   1392.729    34.6756     4.7881    27.8284   1233.680    1470.87    1458.00 0.0000e+00
      33447   1251.000     0.3528   2.965036     1.6126     1.2800      71.53   1393.587    34.6756     4.7880    27.8284   1234.664    1470.89    1458.01 0.0000e+00
      33468   1252.000     0.3524   2.965028     1.6125     1.2252      98.30   1394.446    34.6755     4.7897    27.8283   1235.648    1470.91    1458.01 0.0000e+00
      33488   1253.000     0.3518   2.965030     1.6127     1.2443      98.68   1395.311    34.6756     4.7893    27.8284   1236.632    1470.92    1458.02 0.0000e+00
      33509   1254.000     0.3516   2.965062     1.6122     1.2136      98.68   1396.178    34.6757     4.7785    27.8285   1237.616    1470.93    1458.03 0.0000e+00
      33530   1255.000     0.3516   2.965098     1.6117     1.1583      98.68   1397.041    34.6756     4.7879    27.8285   1238.600    1470.95    1458.04 0.0000e+00
      33551   1256.000     0.3516   2.965144     1.6124     1.1343      98.68   1397.904    34.6756     4.7916    27.8285   1239.584    1470.97    1458.06 0.0000e+00
      33571   1257.000     0.3502   2.965064     1.6117     1.1345      98.68   1398.762    34.6756     4.7830    27.8285   1240.568    1470.98    1458.07 0.0000e+00
