tests/test_data/sbe_files/sbe911plus/dml_2020/sta014_01.cnv
* Sea-Bird SBE 9 Data File:
* FileName = C:\DML_2020\hex_data\sta014_01.hex
* Software Version Seasave V 7.21b
* Temperature SN = 5299
* Conductivity SN = 3742
* Number of Bytes Per Scan = 45
* Number of Voltage Words = 4
* Number of Scans Averaged by the Deck Unit = 1
* NMEA Latitude = 69 03.65 S
* NMEA Longitude = 006 02.87 E
* NMEA UTC (Time) = Jan 05 2021  15:58:23
* NMEA baud rate = 4800
** Cruise: DML 2020
** Ship: Malik Arctica
** Station (File Number):  014
** Latitude:
** Longitude:
** Echodepth (m):
** Seastate:
# nquan = 15
# nvalues = 2219                        
# units = specified
# name 0 = scan: Scan Count
# name 1 = prDM: Pressure, Digiquartz [db]
# name 2 = t090C: Temperature [ITS-90, deg C]
# name 3 = c0S/m: Conductivity [S/m]
# name 4 = sbeox0V: Oxygen raw, SBE 43 [V]
# name 5 = flECO-AFL: Fluorescence, WET Labs ECO-AFL/FL [mg/m^3]
# name 6 = altM: Altimeter [m]
# name 7 = timeS: Time, Elapsed [seconds]
# name 8 = sal00: Salinity, Practical [PSU]
# name 9 = sbeox0ML/L: Oxygen, SBE 43 [ml/l], WS = 2
# name 10 = sigma-é00: Density [sigma-theta, kg/m^3]
# name 11 = depSM: Depth [salt water, m], lat = -69.0608
# name 12 = svCM: Sound Velocity [Chen-Millero, m/s]
# name 13 = avgsvCM: Average Sound Velocity [Chen-Millero, m/s], minP = 20, minS = 20
# name 14 = flag: flag
# span 0 =       3260,      60539       
# span 1 =      2.000,   2220.000       
# span 2 =    -1.8017,     0.7244       
# span 3 =   2.696303,   2.976075       
# span 4 =     1.5139,     2.3985       
# span 5 =     1.0259,     4.3432       
# span 6 =      10.97,     100.43       
# span 7 =    135.791,   2522.424       
# span 8 =    34.0754,    34.6791       
# span 9 =     4.7400,     7.4773       
# span 10 =    27.4254,    27.8395      
# span 11 =      1.980,   2186.064      
# span 12 =    1440.20,    1485.65      
# span 13 =       0.00,    1467.35      
# span 14 = 0.0000e+00, 0.0000e+00      
# interval = decibars: 1                
# start_time = Jan 05 2021 15:58:23 [NMEA time, first data scan]
# bad_flag = -9.990e-29
*END*
[from data line 386]
      15671    388.000     0.7244   2.956898     1.7478     1.0760      98.68    652.919    34.6472     4.7478    27.7807    383.733    1458.29    1447.80 0.0000e+00
      15696    389.000     0.7117   2.955827     1.7478     1.0759      98.68    653.943    34.6469     4.7491    27.7813    384.721    1458.25    1447.83 0.0000e+00
      15720    390.000     0.7044   2.955246     1.7471     1.0759      89.35    654.956    34.6469     4.7400    27.7817    385.709    1458.23    1447.86 0.0000e+00
      15744    391.000     0.7024   2.955115     1.7462     1.0759      71.62    655.953    34.6468     4.7415    27.7817    386.697    1458.24    1447.88 0.0000e+00
      15768    392.000     0.7002   2.954940     1.7462     1.0523      99.15    656.955    34.6465     4.7535    27.7816    387.685    1458.25    1447.91 0.0000e+00
      15792    393.000     0.6951   2.954540     1.7468     1.0678      98.68    657.962    34.6464     4.7598    27.7818    388.673    1458.24    1447.93 0.0000e+00
      15817    394.000     0.6939   2.954493     1.7472     1.0758      98.68    658.989    34.6465     4.7631    27.7821    389.661    1458.25    1447.96 0.0000e+00
      15842    395.000     0.6930   2.954452     1.7480     1.0573      98.68    660.033    34.6464     4.7695    27.7820    390.649    1458.26    1447.99 0.0000e+00
      15867    396.000     0.6863   2.953889     1.7487     1.0646      98.68    661.094    34.6460     4.7728    27.7821    391.637    1458.25    1448.01 0.0000e+00
      15893    397.000     0.6813   2.953490     1.7493     1.0757      88.60    662.171    34.6458     4.7705    27.7823    392.625    1458.24    1448.03 0.0000e+00
      15919    398.000     0.6777   2.953212     1.7495     1.0585      40.45    663.240    34.6457     4.7736    27.7824    393.613    1458.24    1448.06 0.0000e+00
      15944    399.000     0.6756   2.953058     1.7500     1.0619      98.56    664.298    34.6454     4.7826    27.7823    394.601    1458.25    1448.09 0.0000e+00
      15969    400.000     0.6688   2.952505     1.7508     1.0625      98.68    665.322    34.6452     4.7843    27.7825    395.589    1458.24    1448.11 0.0000e+00
      15993    401.000     0.6662   2.952337     1.7512     1.0464      98.68    666.322    34.6453     4.7851    27.7827    396.577    1458.24    1448.14 0.0000e+00
      16016    402.000     0.6658   2.952351     1.7516     1.0466      98.68    667.304    34.6454     4.7926    27.7829    397.566    1458.25    1448.16 0.0000e+00
      16040    403.000     0.6657   2.952404     1.7528     1.0466      98.68    668.276    34.6456     4.7979    27.7830    398.553    1458.27    1448.19 0.0000e+00
      16063    404.000     0.6652   2.952411     1.7531     1.0490      98.68    669.262    34.6457     4.7975    27.7831    399.542    1458.29    1448.21 0.0000e+00
      16087    405.000     0.6587   2.951881     1.7541     1.0751      98.68    670.259    34.6455     4.8032    27.7834    400.530    1458.27    1448.24 0.0000e+00
      16112    406.000     0.6558   2.951714     1.7545     1.0471      98.68    671.289    34.6459     4.8025    27.7839    401.518    1458.28    1448.26 0.0000e+00
      16137    407.000     0.6548   2.951712     1.7547     1.0466      60.05    672.347    34.6464     4.8010    27.7844    402.506    1458.29    1448.28 0.0000e+00
      16163    408.000     0.6358   2.950057     1.7550     1.0466      98.09    673.421    34.6456     4.8084    27.7849    403.493    1458.22    1448.31 0.0000e+00
      16189    409.000     0.6235   2.949005     1.7553     1.0466      98.68    674.505    34.6450     4.8055    27.7851    404.482    1458.18    1448.33 0.0000e+00
      16215    410.000     0.6229   2.948988     1.7552     1.0746      98.68    675.578    34.6448     4.8146    27.7851    405.470    1458.19    1448.36 0.0000e+00
      16240    411.000     0.6222   2.948965     1.7564     1.0498      98.68    676.639    34.6448     4.8315    27.7851    406.457    1458.20    1448.38 0.0000e+00
      16265    412.000     0.6197   2.948793     1.7578     1.0700      98.68    677.665    34.6448     4.8335    27.7852    407.445    1458.21    1448.41 0.0000e+00
      16289    413.000     0.6197   2.948848     1.7588     1.0541      85.88    678.679    34.6448     4.8392    27.7853    408.434    1458.22    1448.43 0.0000e+00
      16313    414.000     0.6190   2.948827     1.7600     1.0660      61.02    679.680    34.6448     4.8377    27.7853    409.421    1458.24    1448.45 0.0000e+00
      16337    415.000     0.6191   2.948888     1.7602     1.0589      65.89    680.671    34.6449     4.8358    27.7854    410.409    1458.26    1448.47 0.0000e+00
      16361    416.000     0.6185   2.948867     1.7606     1.0468      98.24    681.674    34.6447     4.8382    27.7852    411.397    1458.27    1448.50 0.0000e+00
      16385    417.000     0.6180   2.948877     1.7613     1.0587      98.68    682.680    34.6448     4.8454    27.7854    412.385    1458.28    1448.52 0.0000e+00
      16410    418.000     0.6169   2.948828     1.7617     1.0771      98.68    683.711    34.6448     4.8417    27.7854    413.373    1458.29    1448.54 0.0000e+00
      16435    419.000     0.6130   2.948519     1.7621     1.0677      98.68    684.751    34.6445     4.8461    27.7855    414.361    1458.29    1448.57 0.0000e+00
      16460    420.000     0.6119   2.948475     1.7624     1.0465      98.68    685.797    34.6447     4.8452    27.7856    415.349    1458.30    1448.59 0.0000e+00
      16485    421.000     0.6036   2.947800     1.7624     1.0526      98.68    686.852    34.6445     4.8444    27.7860    416.337    1458.28    1448.62 0.0000e+00
      16510    422.000     0.6060   2.948096     1.7624     1.0763      95.46    687.894    34.6451     4.8444    27.7864    417.325    1458.31    1448.64 0.0000e+00
      16535    423.000     0.6059   2.948124     1.7621     1.0759      55.85    688.930    34.6450     4.8433    27.7863    418.313    1458.33    1448.66 0.0000e+00
      16560    424.000     0.6056   2.948157     1.7624     1.0771      90.65    689.949    34.6451     4.8512    27.7864    419.301    1458.34    1448.69 0.0000e+00
      16584    425.000     0.6048   2.948114     1.7627     1.0755      98.62    690.971    34.6449     4.8532    27.7863    420.289    1458.35    1448.70 0.0000e+00
      16609    426.000     0.5936   2.947114     1.7631     1.0468      98.68    691.986    34.6439     4.8578    27.7861    421.276    1458.32    1448.73 0.0000e+00
      16633    427.000     0.5804   2.945972     1.7634     1.0466      98.68    693.004    34.6432     4.8561    27.7864    422.264    1458.27    1448.75 0.0000e+00
      16658    428.000     0.5713   2.945210     1.7631     1.0466      98.68    694.030    34.6428     4.8541    27.7866    423.252    1458.25    1448.77 0.0000e+00
      16682    429.000     0.5697   2.945094     1.7630     1.0691      95.74    695.054    34.6425     4.8585    27.7865    424.240    1458.26    1448.79 0.0000e+00
      16707    430.000     0.5679   2.944989     1.7632     1.0760      74.62    696.091    34.6425     4.8636    27.7866    425.228    1458.26    1448.82 0.0000e+00
      16732    431.000     0.5669   2.944939     1.7638     1.0561      98.58    697.121    34.6424     4.8725    27.7866    426.216    1458.28    1448.84 0.0000e+00
      16757    432.000     0.5638   2.944687     1.7647     1.0467      98.68    698.150    34.6420     4.8778    27.7865    427.204    1458.28    1448.86 0.0000e+00
      16781    433.000     0.5579   2.944192     1.7655     1.0623      98.68    699.176    34.6415     4.8815    27.7864    428.192    1458.27    1448.88 0.0000e+00
      16806    434.000     0.5431   2.942908     1.7662     1.0618      98.68    700.196    34.6408     4.8867    27.7867    429.179    1458.22    1448.90 0.0000e+00
      16830    435.000     0.5232   2.941135     1.7669     1.0467      98.68    701.224    34.6394     4.8877    27.7868    430.167    1458.14    1448.92 0.0000e+00
      16855    436.000     0.5215   2.941084     1.7666     1.0466      91.56    702.244    34.6400     4.8826    27.7873    431.155    1458.15    1448.94 0.0000e+00
      16880    437.000     0.5234   2.941270     1.7671     1.0466      98.49    703.277    34.6397     4.8984    27.7870    432.143    1458.18    1448.96 0.0000e+00
      16905    438.000     0.5145   2.940518     1.7684     1.0466      91.34    704.316    34.6392     4.9096    27.7872    433.131    1458.15    1448.99 0.0000e+00
      16930    439.000     0.5124   2.940387     1.7694     1.0466      68.57    705.362    34.6394     4.9100    27.7874    434.119    1458.16    1449.01 0.0000e+00
      16955    440.000     0.5105   2.940267     1.7703     1.0466      58.72    706.414    34.6393     4.9141    27.7875    435.107    1458.17    1449.03 0.0000e+00
      16980    441.000     0.5053   2.939837     1.7713     1.0466      98.62    707.457    34.6390     4.9194    27.7875    436.094    1458.16    1449.05 0.0000e+00
      17005    442.000     0.4993   2.939342     1.7718     1.0490      98.63    708.500    34.6386     4.9145    27.7876    437.082    1458.15    1449.07 0.0000e+00
      17030    443.000     0.4949   2.938988     1.7723     1.0756      97.83    709.525    34.6384     4.9233    27.7876    438.070    1458.14    1449.09 0.0000e+00
      17054    444.000     0.4892   2.938532     1.7728     1.0468      50.61    710.549    34.6381     4.9215    27.7878    439.058    1458.13    1449.11 0.0000e+00
      17078    445.000     0.4862   2.938305     1.7729     1.0733      98.42    711.557    34.6380     4.9218    27.7878    440.046    1458.13    1449.13 0.0000e+00
      17102    446.000     0.4834   2.938105     1.7733     1.0503      98.68    712.560    34.6379     4.9303    27.7879    441.034    1458.14    1449.15 0.0000e+00
      17127    447.000     0.4749   2.937362     1.7740     1.0466      98.68    713.571    34.6371     4.9351    27.7878    442.021    1458.11    1449.17 0.0000e+00
      17151    448.000     0.4615   2.936191     1.7746     1.0466      98.68    714.581    34.6363     4.9411    27.7879    443.009    1458.07    1449.19 0.0000e+00
      17176    449.000     0.4508   2.935278     1.7751     1.0651      98.68    715.612    34.6357     4.9356    27.7881    443.997    1458.04    1449.21 0.0000e+00
      17201    450.000     0.4446   2.934797     1.7751     1.0584      79.38    716.650    34.6358     4.9449    27.7885    444.985    1458.02    1449.23 0.0000e+00
      17226    451.000     0.4441   2.934795     1.7758     1.0467      92.03    717.699    34.6357     4.9496    27.7885    445.972    1458.04    1449.25 0.0000e+00
      17251    452.000     0.4428   2.934725     1.7766     1.0466      98.73    718.757    34.6357     4.9588    27.7885    446.960    1458.05    1449.27 0.0000e+00
      17276    453.000     0.4356   2.934133     1.7777     1.0608      98.68    719.800    34.6355     4.9614    27.7888    447.948    1458.03    1449.29 0.0000e+00
      17301    454.000     0.4340   2.934040     1.7782     1.0642      98.68    720.841    34.6354     4.9613    27.7889    448.936    1458.04    1449.31 0.0000e+00
      17326    455.000     0.4322   2.933920     1.7787     1.0467      98.68    721.868    34.6353     4.9616    27.7889    449.923    1458.05    1449.33 0.0000e+00
      17350    456.000     0.4310   2.933874     1.7790     1.0466      98.68    722.894    34.6354     4.9638    27.7890    450.911    1458.06    1449.34 0.0000e+00
      17375    457.000     0.4301   2.933823     1.7795     1.0466      98.68    723.914    34.6352     4.9655    27.7889    451.899    1458.07    1449.36 0.0000e+00
      17399    458.000     0.4301   2.933879     1.7794     1.0502      98.68    724.932    34.6353     4.9652    27.7890    452.887    1458.09    1449.38 0.0000e+00
      17424    459.000     0.4305   2.933974     1.7800     1.0723      84.87    725.955    34.6355     4.9699    27.7892    453.874    1458.11    1449.40 0.0000e+00
      17448    460.000     0.4301   2.933980     1.7802     1.0471      39.26    726.979    34.6355     4.9672    27.7892    454.862    1458.12    1449.42 0.0000e+00
      17474    461.000     0.4305   2.934083     1.7801     1.0474      94.23    728.023    34.6358     4.9698    27.7894    455.850    1458.14    1449.44 0.0000e+00
      17499    462.000     0.4315   2.934238     1.7804     1.1033      98.62    729.066    34.6361     4.9679    27.7895    456.838    1458.16    1449.46 0.0000e+00
      17524    463.000     0.4330   2.934428     1.7804     1.0498      98.20    730.112    34.6363     4.9697    27.7896    457.825    1458.19    1449.48 0.0000e+00
      17549    464.000     0.4347   2.934662     1.7804     1.0736      69.75    731.152    34.6368     4.9714    27.7900    458.813    1458.21    1449.50 0.0000e+00
      17573    465.000     0.4364   2.934891     1.7807     1.0759      76.91    732.178    34.6374     4.9697    27.7903    459.801    1458.23    1449.52 0.0000e+00
      17598    466.000     0.4387   2.935169     1.7803     1.0537      98.63    733.206    34.6379     4.9629    27.7906    460.789    1458.26    1449.53 0.0000e+00
      17622    467.000     0.4417   2.935505     1.7798     1.0467      98.68    734.219    34.6383     4.9628    27.7908    461.776    1458.29    1449.55 0.0000e+00
      17647    468.000     0.4471   2.936081     1.7797     1.0651      98.68    735.238    34.6392     4.9628    27.7912    462.764    1458.34    1449.57 0.0000e+00
      17671    469.000     0.4622   2.937578     1.7790     1.0595      98.68    736.256    34.6413     4.9571    27.7920    463.752    1458.42    1449.59 0.0000e+00
      17696    470.000     0.4693   2.938278     1.7790     1.0467      98.68    737.281    34.6418     4.9606    27.7920    464.739    1458.47    1449.61 0.0000e+00
      17721    471.000     0.4714   2.938517     1.7788     1.0466      98.68    738.315    34.6421     4.9539    27.7921    465.727    1458.50    1449.63 0.0000e+00
      17745    472.000     0.4727   2.938692     1.7779     1.0466      98.68    739.350    34.6422     4.9454    27.7921    466.715    1458.52    1449.65 0.0000e+00
      17771    473.000     0.4745   2.938913     1.7769     1.0466      63.74    740.396    34.6426     4.9393    27.7923    467.703    1458.55    1449.66 0.0000e+00
      17795    474.000     0.4752   2.939012     1.7757     1.0466      95.65    741.433    34.6425     4.9304    27.7922    468.690    1458.57    1449.68 0.0000e+00
      17820    475.000     0.4747   2.939011     1.7740     1.0466      98.73    742.473    34.6424     4.9268    27.7922    469.678    1458.58    1449.70 0.0000e+00
      17845    476.000     0.4752   2.939103     1.7730     1.0466      98.68    743.503    34.6425     4.9333    27.7922    470.665    1458.60    1449.71 0.0000e+00
      17870    477.000     0.4758   2.939201     1.7727     1.0466      98.68    744.524    34.6425     4.9346    27.7922    471.653    1458.62    1449.73 0.0000e+00
      17894    478.000     0.4760   2.939257     1.7721     1.0502      98.68    745.548    34.6425     4.9294    27.7922    472.641    1458.63    1449.75 0.0000e+00
      17919    479.000     0.4792   2.939632     1.7716     1.0760      94.38    746.566    34.6432     4.9306    27.7926    473.628    1458.67    1449.77 0.0000e+00
      17943    480.000     0.4859   2.940339     1.7712     1.0759      84.31    747.600    34.6444     4.9345    27.7931    474.616    1458.72    1449.79 0.0000e+00
      17968    481.000     0.4858   2.940390     1.7711     1.0487      98.80    748.634    34.6445     4.9341    27.7933    475.604    1458.73    1449.81 0.0000e+00
      17993    482.000     0.4823   2.940109     1.7709     1.0724      98.68    749.682    34.6442     4.9265    27.7932    476.591    1458.73    1449.83 0.0000e+00
