tests/test_data/sbe_files/sbe911plus/dml_2020/sta014_01.cnv
* Sea-Bird SBE 9 Data File:
* FileName = C:\DML_2020\hex_data\sta014_01.hex
* Software Version Seasave V 7.21b
* Temperature SN = 5299
* Conductivity SN = 3742
* Number of Bytes Per Scan = 45
* Number of Voltage Words = 4
* Number of Scans Averaged by the Deck Unit = 1
* NMEA Latitude = 69 03.65 S
* NMEA Longitude = 006 02.87 E
* NMEA UTC (Time) = Jan 05 2021  15:58:23
* NMEA baud rate = 4800
** Cruise: DML 2020
** Ship: Malik Arctica
** Station (File Number):  014
** Latitude:
** Longitude:
** Echodepth (m):
** Seastate:
# nquan = 15
# nvalues = 2219                        
# units = specified
# name 0 = scan: Scan Count
# name 1 = prDM: Pressure, Digiquartz [db]
# name 2 = t090C: Temperature [ITS-90, deg C]
# name 3 = c0S/m: Conductivity [S/m]
# name 4 = sbeox0V: Oxygen raw, SBE 43 [V]
# name 5 = flECO-AFL: Fluorescence, WET Labs ECO-AFL/FL [mg/m^3]
# name 6 = altM: Altimeter [m]
# name 7 = timeS: Time, Elapsed [seconds]
# name 8 = sal00: Salinity, Practical [PSU]
# name 9 = sbeox0ML/L: Oxygen, SBE 43 [ml/l], WS = 2
# name 10 = sigma-é00: Density [sigma-theta, kg/m^3]
# name 11 = depSM: Depth [salt water, m], lat = -69.0608
# name 12 = svCM: Sound Velocity [Chen-Millero, m/s]
# name 13 = avgsvCM: Average Sound Velocity [Chen-Millero, m/s], minP = 20, minS = 20
# name 14 = flag: flag
# span 0 =       3260,      60539       
# span 1 =      2.000,   2220.000       
# span 2 =    -1.8017,     0.7244       
# span 3 =   2.696303,   2.976075       
# span 4 =     1.5139,     2.3985       
# span 5 =     1.0259,     4.3432       
# span 6 =      10.97,     100.43       
# span 7 =    135.791,   2522.424       
# span 8 =    34.0754,    34.6791       
# span 9 =     4.7400,     7.4773       
# span 10 =    27.4254,    27.8395      
# span 11 =      1.980,   2186.064      
# span 12 =    1440.20,    1485.65      
# span 13 =       0.00,    1467.35      
# span 14 = 0.0000e+00, 0.0000e+00      
# interval = decibars: 1                
# start_time = Jan 05 2021 15:58:23 [NMEA time, first data scan]
# bad_flag = -9.990e-29
*END*
[from data line 1928]
      53422   1930.000     0.0922   2.970236     1.5432     1.0489      98.68   2225.876    34.6663     4.9452    27.8374   1901.788    1481.05    1464.99 0.0000e+00
      53447   1931.000     0.0906   2.970138     1.5430     1.0486      98.68   2226.929    34.6663     4.9406    27.8375   1902.769    1481.06    1465.00 0.0000e+00
      53473   1932.000     0.0900   2.970128     1.5432     1.0470      91.26   2227.981    34.6663     4.9433    27.8375   1903.750    1481.08    1465.01 0.0000e+00
      53497   1933.000     0.0899   2.970162     1.5426     1.0478      61.62   2229.021    34.6663     4.9402    27.8375   1904.730    1481.09    1465.02 0.0000e+00
      53522   1934.000     0.0899   2.970204     1.5427     1.0466      98.88   2230.047    34.6663     4.9457    27.8376   1905.711    1481.11    1465.03 0.0000e+00
      53546   1935.000     0.0891   2.970166     1.5426     1.0539      98.68   2231.060    34.6662     4.9482    27.8375   1906.692    1481.12    1465.03 0.0000e+00
      53571   1936.000     0.0888   2.970181     1.5428     1.0723      98.68   2232.064    34.6662     4.9446    27.8375   1907.673    1481.14    1465.04 0.0000e+00
      53594   1937.000     0.0892   2.970254     1.5426     1.0468      98.68   2233.056    34.6662     4.9473    27.8375   1908.654    1481.16    1465.05 0.0000e+00
      53618   1938.000     0.0884   2.970233     1.5426     1.0466      97.96   2234.042    34.6662     4.9444    27.8376   1909.635    1481.17    1465.06 0.0000e+00
      53642   1939.000     0.0881   2.970240     1.5424     1.0466      54.66   2235.023    34.6661     4.9419    27.8375   1910.616    1481.19    1465.07 0.0000e+00
      53665   1940.000     0.0864   2.970132     1.5423     1.0478      84.88   2236.011    34.6661     4.9450    27.8376   1911.597    1481.20    1465.08 0.0000e+00
      53689   1941.000     0.0863   2.970155     1.5419     1.0478      98.48   2237.006    34.6660     4.9386    27.8375   1912.577    1481.21    1465.09 0.0000e+00
      53713   1942.000     0.0858   2.970160     1.5417     1.0466      98.68   2238.012    34.6661     4.9434    27.8376   1913.558    1481.23    1465.09 0.0000e+00
      53738   1943.000     0.0860   2.970222     1.5415     1.0638      98.68   2239.028    34.6662     4.9438    27.8377   1914.539    1481.24    1465.10 0.0000e+00
      53762   1944.000     0.0860   2.970253     1.5416     1.0618      98.68   2240.059    34.6661     4.9512    27.8376   1915.520    1481.26    1465.11 0.0000e+00
      53787   1945.000     0.0862   2.970306     1.5417     1.0464      98.68   2241.095    34.6660     4.9460    27.8375   1916.501    1481.28    1465.12 0.0000e+00
      53812   1946.000     0.0860   2.970336     1.5414     1.0466      98.68   2242.135    34.6661     4.9435    27.8376   1917.482    1481.29    1465.12 0.0000e+00
      53837   1947.000     0.0861   2.970387     1.5415     1.0572      67.94   2243.170    34.6661     4.9491    27.8376   1918.463    1481.31    1465.13 0.0000e+00
      53862   1948.000     0.0844   2.970271     1.5414     1.0691      98.48   2244.201    34.6660     4.9490    27.8376   1919.444    1481.32    1465.14 0.0000e+00
      53886   1949.000     0.0832   2.970204     1.5414     1.0476      98.68   2245.221    34.6659     4.9537    27.8376   1920.424    1481.33    1465.15 0.0000e+00
      53911   1950.000     0.0830   2.970243     1.5415     1.0450      98.68   2246.237    34.6661     4.9454    27.8378   1921.405    1481.35    1465.16 0.0000e+00
      53935   1951.000     0.0831   2.970281     1.5411     1.0318      98.68   2247.247    34.6659     4.9461    27.8377   1922.386    1481.36    1465.17 0.0000e+00
      53959   1952.000     0.0831   2.970316     1.5412     1.0759      98.68   2248.254    34.6659     4.9548    27.8377   1923.367    1481.38    1465.17 0.0000e+00
      53983   1953.000     0.0830   2.970354     1.5413     1.0474      74.33   2249.260    34.6659     4.9529    27.8377   1924.348    1481.40    1465.18 0.0000e+00
      54007   1954.000     0.0831   2.970392     1.5411     1.0478      77.40   2250.267    34.6658     4.9488    27.8376   1925.328    1481.41    1465.19 0.0000e+00
      54032   1955.000     0.0831   2.970451     1.5414     1.0478      98.78   2251.275    34.6660     4.9584    27.8377   1926.309    1481.43    1465.20 0.0000e+00
      54056   1956.000     0.0829   2.970460     1.5412     1.0467      98.61   2252.289    34.6659     4.9464    27.8376   1927.290    1481.45    1465.21 0.0000e+00
      54080   1957.000     0.0821   2.970434     1.5409     1.0474      95.80   2253.301    34.6659     4.9498    27.8377   1928.271    1481.46    1465.22 0.0000e+00
      54105   1958.000     0.0806   2.970348     1.5410     1.0482      44.92   2254.313    34.6659     4.9525    27.8378   1929.252    1481.47    1465.22 0.0000e+00
      54129   1959.000     0.0806   2.970384     1.5407     1.0466      79.83   2255.323    34.6658     4.9494    27.8377   1930.232    1481.49    1465.23 0.0000e+00
      54153   1960.000     0.0817   2.970523     1.5406     1.0595      98.70   2256.334    34.6659     4.9533    27.8378   1931.213    1481.51    1465.24 0.0000e+00
      54177   1961.000     0.0821   2.970598     1.5408     1.0684      98.68   2257.343    34.6659     4.9550    27.8377   1932.194    1481.53    1465.25 0.0000e+00
      54202   1962.000     0.0810   2.970534     1.5404     1.0466      98.68   2258.355    34.6658     4.9497    27.8377   1933.175    1481.54    1465.26 0.0000e+00
      54226   1963.000     0.0805   2.970537     1.5403     1.0466      98.68   2259.370    34.6658     4.9512    27.8377   1934.156    1481.56    1465.26 0.0000e+00
      54250   1964.000     0.0806   2.970595     1.5404     1.0515      98.68   2260.389    34.6659     4.9588    27.8378   1935.136    1481.57    1465.27 0.0000e+00
      54275   1965.000     0.0806   2.970628     1.5403     1.0773      85.11   2261.405    34.6659     4.9463    27.8378   1936.117    1481.59    1465.28 0.0000e+00
      54299   1966.000     0.0802   2.970628     1.5398     1.0462      79.58   2262.432    34.6658     4.9505    27.8377   1937.098    1481.61    1465.29 0.0000e+00
      54324   1967.000     0.0803   2.970679     1.5400     1.0489      98.72   2263.461    34.6658     4.9536    27.8378   1938.079    1481.62    1465.29 0.0000e+00
      54349   1968.000     0.0804   2.970734     1.5397     1.0466      98.68   2264.488    34.6659     4.9518    27.8379   1939.059    1481.64    1465.30 0.0000e+00
      54373   1969.000     0.0790   2.970650     1.5397     1.0478      98.68   2265.505    34.6658     4.9571    27.8379   1940.040    1481.65    1465.31 0.0000e+00
      54397   1970.000     0.0778   2.970575     1.5397     1.0478      98.68   2266.517    34.6657     4.9560    27.8378   1941.021    1481.66    1465.32 0.0000e+00
      54421   1971.000     0.0770   2.970552     1.5397     1.0685      98.68   2267.517    34.6657     4.9548    27.8379   1942.002    1481.67    1465.33 0.0000e+00
      54445   1972.000     0.0767   2.970557     1.5396     1.0758      49.17   2268.513    34.6656     4.9555    27.8378   1942.982    1481.69    1465.34 0.0000e+00
      54469   1973.000     0.0769   2.970616     1.5395     1.0615      97.67   2269.505    34.6656     4.9556    27.8378   1943.963    1481.71    1465.35 0.0000e+00
      54493   1974.000     0.0770   2.970670     1.5394     1.0481      49.37   2270.500    34.6657     4.9571    27.8379   1944.944    1481.72    1465.35 0.0000e+00
      54517   1975.000     0.0769   2.970693     1.5394     1.0466      81.20   2271.504    34.6656     4.9552    27.8378   1945.925    1481.74    1465.36 0.0000e+00
      54541   1976.000     0.0769   2.970742     1.5392     1.0466      90.43   2272.517    34.6657     4.9561    27.8379   1946.905    1481.76    1465.37 0.0000e+00
      54566   1977.000     0.0767   2.970768     1.5393     1.0489      98.69   2273.543    34.6657     4.9586    27.8379   1947.886    1481.77    1465.38 0.0000e+00
      54591   1978.000     0.0765   2.970788     1.5389     1.0466      98.68   2274.574    34.6657     4.9473    27.8379   1948.867    1481.79    1465.39 0.0000e+00
      54616   1979.000     0.0762   2.970802     1.5385     1.0547      98.68   2275.609    34.6657     4.9548    27.8379   1949.847    1481.80    1465.39 0.0000e+00
      54640   1980.000     0.0757   2.970792     1.5386     1.1013      98.68   2276.642    34.6656     4.9557    27.8379   1950.828    1481.82    1465.40 0.0000e+00
      54665   1981.000     0.0753   2.970791     1.5385     1.0491      98.50   2277.665    34.6655     4.9563    27.8378   1951.809    1481.83    1465.41 0.0000e+00
      54689   1982.000     0.0750   2.970814     1.5383     1.0466      66.36   2278.678    34.6655     4.9515    27.8379   1952.789    1481.85    1465.42 0.0000e+00
      54713   1983.000     0.0751   2.970875     1.5379     1.0515      98.61   2279.685    34.6657     4.9535    27.8380   1953.770    1481.87    1465.42 0.0000e+00
      54737   1984.000     0.0755   2.970935     1.5382     1.0466      98.68   2280.683    34.6656     4.9622    27.8379   1954.751    1481.89    1465.43 0.0000e+00
      54761   1985.000     0.0748   2.970918     1.5381     1.0466      98.68   2281.668    34.6656     4.9547    27.8379   1955.731    1481.90    1465.44 0.0000e+00
      54784   1986.000     0.0752   2.970991     1.5379     1.0466      98.68   2282.643    34.6656     4.9594    27.8379   1956.712    1481.92    1465.45 0.0000e+00
      54807   1987.000     0.0725   2.970799     1.5379     1.0625      98.68   2283.603    34.6655     4.9547    27.8380   1957.693    1481.92    1465.46 0.0000e+00
      54830   1988.000     0.0729   2.970879     1.5378     1.0718      83.71   2284.553    34.6655     4.9583    27.8380   1958.673    1481.94    1465.47 0.0000e+00
      54853   1989.000     0.0733   2.970945     1.5376     1.0465      65.81   2285.504    34.6655     4.9585    27.8379   1959.654    1481.96    1465.48 0.0000e+00
      54876   1990.000     0.0735   2.971002     1.5378     1.0517      98.65   2286.458    34.6655     4.9575    27.8380   1960.635    1481.98    1465.49 0.0000e+00
      54899   1991.000     0.0734   2.971032     1.5374     1.0492      98.68   2287.410    34.6655     4.9557    27.8379   1961.615    1481.99    1465.49 0.0000e+00
      54922   1992.000     0.0732   2.971061     1.5375     1.0743      98.68   2288.364    34.6655     4.9600    27.8380   1962.596    1482.01    1465.50 0.0000e+00
      54945   1993.000     0.0730   2.971087     1.5373     1.0545      98.68   2289.323    34.6655     4.9601    27.8380   1963.577    1482.03    1465.51 0.0000e+00
      54968   1994.000     0.0727   2.971102     1.5374     1.0670      98.68   2290.290    34.6655     4.9633    27.8380   1964.557    1482.04    1465.52 0.0000e+00
      54991   1995.000     0.0723   2.971102     1.5375     1.0644      98.68   2291.259    34.6654     4.9672    27.8380   1965.538    1482.06    1465.52 0.0000e+00
      55015   1996.000     0.0715   2.971063     1.5375     1.0600      98.68   2292.241    34.6654     4.9601    27.8380   1966.518    1482.07    1465.53 0.0000e+00
      55039   1997.000     0.0716   2.971116     1.5374     1.0686      98.68   2293.231    34.6654     4.9583    27.8380   1967.499    1482.09    1465.54 0.0000e+00
      55062   1998.000     0.0717   2.971171     1.5370     1.0552      98.68   2294.222    34.6655     4.9546    27.8380   1968.480    1482.10    1465.55 0.0000e+00
      55086   1999.000     0.0718   2.971215     1.5369     1.0767      98.68   2295.205    34.6654     4.9688    27.8380   1969.460    1482.12    1465.56 0.0000e+00
      55109   2000.000     0.0719   2.971265     1.5372     1.0492      98.68   2296.180    34.6654     4.9647    27.8380   1970.441    1482.14    1465.57 0.0000e+00
      55133   2001.000     0.0719   2.971302     1.5371     1.0478      71.77   2297.146    34.6654     4.9590    27.8380   1971.422    1482.16    1465.58 0.0000e+00
      55155   2002.000     0.0719   2.971347     1.5367     1.0479      95.76   2298.100    34.6655     4.9563    27.8381   1972.402    1482.17    1465.58 0.0000e+00
      55178   2003.000     0.0717   2.971364     1.5365     1.0492      98.68   2299.042    34.6654     4.9574    27.8380   1973.383    1482.19    1465.59 0.0000e+00
      55200   2004.000     0.0719   2.971421     1.5362     1.0466      98.68   2299.978    34.6654     4.9621    27.8380   1974.363    1482.21    1465.60 0.0000e+00
      55223   2005.000     0.0723   2.971502     1.5364     1.0479      98.68   2300.912    34.6654     4.9643    27.8380   1975.344    1482.23    1465.61 0.0000e+00
      55245   2006.000     0.0722   2.971536     1.5363     1.0492      98.68   2301.850    34.6655     4.9596    27.8380   1976.324    1482.24    1465.61 0.0000e+00
      55268   2007.000     0.0730   2.971641     1.5361     1.0492      98.68   2302.802    34.6654     4.9602    27.8380   1977.305    1482.26    1465.62 0.0000e+00
      55292   2008.000     0.0732   2.971700     1.5359     1.0466      59.10   2303.784    34.6654     4.9649    27.8380   1978.286    1482.28    1465.63 0.0000e+00
      55316   2009.000     0.0737   2.971789     1.5361     1.0466      91.93   2304.788    34.6655     4.9650    27.8380   1979.266    1482.30    1465.64 0.0000e+00
      55341   2010.000     0.0738   2.971835     1.5359     1.0470      65.93   2305.820    34.6655     4.9554    27.8380   1980.247    1482.32    1465.65 0.0000e+00
      55366   2011.000     0.0734   2.971843     1.5353     1.0753      70.29   2306.888    34.6655     4.9527    27.8380   1981.227    1482.33    1465.65 0.0000e+00
      55393   2012.000     0.0721   2.971767     1.5352     1.0521      98.78   2307.983    34.6654     4.9626    27.8380   1982.208    1482.34    1465.66 0.0000e+00
      55420   2013.000     0.0707   2.971690     1.5350     1.0466      98.68   2309.108    34.6655     4.9588    27.8381   1983.188    1482.35    1465.67 0.0000e+00
      55447   2014.000     0.0689   2.971567     1.5350     1.0477      98.68   2310.241    34.6653     4.9610    27.8381   1984.169    1482.36    1465.68 0.0000e+00
      55473   2015.000     0.0680   2.971523     1.5347     1.0500      98.68   2311.350    34.6652     4.9544    27.8381   1985.149    1482.37    1465.69 0.0000e+00
      55499   2016.000     0.0676   2.971522     1.5343     1.0466      98.68   2312.434    34.6652     4.9583    27.8381   1986.130    1482.39    1465.70 0.0000e+00
      55525   2017.000     0.0672   2.971525     1.5342     1.0466      98.68   2313.496    34.6652     4.9587    27.8381   1987.111    1482.40    1465.70 0.0000e+00
      55550   2018.000     0.0656   2.971423     1.5342     1.0466      98.68   2314.555    34.6651     4.9634    27.8381   1988.091    1482.41    1465.71 0.0000e+00
      55576   2019.000     0.0649   2.971413     1.5342     1.0466      85.86   2315.618    34.6651     4.9598    27.8382   1989.072    1482.43    1465.72 0.0000e+00
      55602   2020.000     0.0648   2.971439     1.5338     1.0716      83.88   2316.695    34.6651     4.9563    27.8382   1990.052    1482.44    1465.73 0.0000e+00
      55628   2021.000     0.0647   2.971473     1.5339     1.0398      98.81   2317.801    34.6651     4.9663    27.8382   1991.033    1482.46    1465.73 0.0000e+00
      55656   2022.000     0.0648   2.971525     1.5339     1.0995      98.68   2318.948    34.6651     4.9666    27.8382   1992.013    1482.48    1465.74 0.0000e+00
      55684   2023.000     0.0645   2.971539     1.5341     1.0779      98.68   2320.122    34.6651     4.9700    27.8382   1992.994    1482.49    1465.75 0.0000e+00
      55713   2024.000     0.0643   2.971571     1.5344     1.0494      98.68   2321.317    34.6652     4.9701    27.8383   1993.974    1482.51    1465.76 0.0000e+00
      55741   2025.000     0.0645   2.971614     1.5340     1.0469      98.68   2322.504    34.6651     4.9618    27.8383   1994.955    1482.53    1465.77 0.0000e+00
