tests/test_data/sbe_files/sbe911plus/dml_2020/sta013_01.cnv
* Sea-Bird SBE 9 Data File:
* FileName = C:\DML_2020\hex_data\sta013_01.hex
* Software Version Seasave V 7.21b
* Temperature SN = 5299
* Conductivity SN = 3742
* Number of Bytes Per Scan = 45
* Number of Voltage Words = 4
* Number of Scans Averaged by the Deck Unit = 1
* NMEA Latitude = 69 25.10 S
* NMEA Longitude = 006 10.92 E
* NMEA UTC (Time) = Jan 04 2021  14:51:19
* NMEA baud rate = 4800
** Cruise: DML 2020
** Ship: Malik Arctica
** Station (File Number):  012
** Latitude:
** Longitude:
** Echodepth (m):
** Seastate:
# nquan = 15
# nvalues = 1513                        
# units = specified
# name 0 = scan: Scan Count
# name 1 = prDM: Pressure, Digiquartz [db]
# name 2 = t090C: Temperature [ITS-90, deg C]
# name 3 = c0S/m: Conductivity [S/m]
# name 4 = sbeox0V: Oxygen raw, SBE 43 [V]
# name 5 = flECO-AFL: Fluorescence, WET Labs ECO-AFL/FL [mg/m^3]
# name 6 = altM: Altimeter [m]
# name 7 = timeS: Time, Elapsed [seconds]
# name 8 = sal00: Salinity, Practical [PSU]
# name 9 = sbeox0ML/L: Oxygen, SBE 43 [ml/l], WS = 2
# name 10 = sigma-é00: Density [sigma-theta, kg/m^3]
# name 11 = depSM: Depth [salt water, m], lat = -69.4183
# name 12 = svCM: Sound Velocity [Chen-Millero, m/s]
# name 13 = avgsvCM: Average Sound Velocity [Chen-Millero, m/s], minP = 20, minS = 20
# name 14 = flag: flag
# span 0 =       3286,      46412       
# span 1 =      4.000,   1517.000       
# span 2 =    -1.8232,     0.6011       
# span 3 =   2.694586,   2.967257       
# span 4 =     1.5852,     2.4273       
# span 5 =     1.0271,   119.0221       
# span 6 =      10.39,      99.76       
# span 7 =    136.879,   1933.807       
# span 8 =    34.0340,    34.6786       
# span 9 =     4.7364,     7.5918       
# span 10 =    27.3906,    27.8339      
# span 11 =      3.960,   1496.247      
# span 12 =    1440.18,    1474.67      
# span 13 =       0.00,    1460.57      
# span 14 = 0.0000e+00, 0.0000e+00      
# interval = decibars: 1                
# start_time = Jan 04 2021 14:51:19 [NMEA time, first data scan]
# bad_flag = -9.990e-29
*END*
[from data line 579]
      16634    583.000     0.5089   2.946904     1.7446   104.4136      98.54    693.048    34.6442     4.8907    27.7919    576.305    1460.51    1449.07 0.0000e+00
      16653    584.000     0.5074   2.946814     1.7445   104.5627      45.84    693.848    34.6441     4.8950    27.7919    577.292    1460.52    1449.10 0.0000e+00
      16673    585.000     0.5081   2.946929     1.7448   106.8776      87.39    694.649    34.6443     4.8968    27.7920    578.280    1460.54    1449.12 0.0000e+00
      16692    586.000     0.5089   2.947060     1.7448    96.8705      98.67    695.458    34.6444     4.8967    27.7921    579.267    1460.56    1449.14 0.0000e+00
      16711    587.000     0.5079   2.947012     1.7449    96.8994      98.68    696.266    34.6443     4.8950    27.7921    580.254    1460.57    1449.16 0.0000e+00
      16731    588.000     0.5100   2.947245     1.7447    98.3258      98.68    697.074    34.6444     4.8954    27.7920    581.241    1460.60    1449.18 0.0000e+00
      16750    589.000     0.5136   2.947620     1.7448   100.2705      98.68    697.875    34.6448     4.8945    27.7921    582.228    1460.63    1449.19 0.0000e+00
      16769    590.000     0.5138   2.947679     1.7444    93.1614      98.68    698.679    34.6447     4.8907    27.7921    583.215    1460.65    1449.22 0.0000e+00
      16789    591.000     0.5150   2.947843     1.7443    94.2383      98.68    699.502    34.6449     4.8970    27.7922    584.202    1460.67    1449.23 0.0000e+00
      16809    592.000     0.5144   2.947841     1.7445    98.0751      75.67    700.324    34.6450     4.8980    27.7922    585.189    1460.68    1449.25 0.0000e+00
      16828    593.000     0.5174   2.948190     1.7444   103.4676      86.36    701.143    34.6456     4.8936    27.7925    586.176    1460.72    1449.27 0.0000e+00
      16848    594.000     0.5187   2.948356     1.7441   104.3141      98.66    701.957    34.6457     4.8884    27.7926    587.164    1460.74    1449.29 0.0000e+00
      16868    595.000     0.5253   2.949031     1.7437   103.9841      98.68    702.781    34.6465     4.8897    27.7929    588.151    1460.79    1449.30 0.0000e+00
      16887    596.000     0.5301   2.949527     1.7434   103.3651      98.68    703.602    34.6470     4.8898    27.7930    589.138    1460.82    1449.32 0.0000e+00
      16907    597.000     0.5313   2.949692     1.7433   103.0037      98.68    704.426    34.6473     4.8874    27.7931    590.125    1460.85    1449.35 0.0000e+00
      16927    598.000     0.5314   2.949739     1.7428    99.0028      98.68    705.252    34.6472     4.8846    27.7930    591.112    1460.87    1449.37 0.0000e+00
      16947    599.000     0.5304   2.949699     1.7425    97.8821      98.68    706.075    34.6473     4.8819    27.7932    592.099    1460.88    1449.39 0.0000e+00
      16967    600.000     0.5177   2.948586     1.7418    98.4112      98.68    706.904    34.6463     4.8790    27.7932    593.086    1460.83    1449.41 0.0000e+00
      16986    601.000     0.5119   2.948102     1.7412   102.4505      98.68    707.723    34.6460     4.8808    27.7932    594.073    1460.82    1449.42 0.0000e+00
      17006    602.000     0.5094   2.947931     1.7406   103.9093      98.68    708.543    34.6460     4.8766    27.7934    595.060    1460.83    1449.44 0.0000e+00
      17026    603.000     0.5085   2.947877     1.7399   104.6030      82.26    709.356    34.6457     4.8792    27.7932    596.047    1460.84    1449.46 0.0000e+00
      17045    604.000     0.5067   2.947756     1.7398   107.3517      91.32    710.169    34.6455     4.8826    27.7932    597.034    1460.85    1449.47 0.0000e+00
      17064    605.000     0.4962   2.946837     1.7394   118.9056      98.66    710.977    34.6447     4.8870    27.7931    598.021    1460.82    1449.49 0.0000e+00
      17084    606.000     0.4791   2.945319     1.7397   118.9299      98.68    711.783    34.6434     4.8910    27.7931    599.008    1460.75    1449.51 0.0000e+00
      17103    607.000     0.4643   2.943989     1.7393   118.9348      98.68    712.594    34.6421     4.8904    27.7929    599.995    1460.70    1449.53 0.0000e+00
      17123    608.000     0.4554   2.943241     1.7392   118.9337      97.78    713.405    34.6417     4.8940    27.7931    600.982    1460.67    1449.55 0.0000e+00
      17142    609.000     0.4510   2.942874     1.7391   118.9338      90.95    714.225    34.6413     4.8973    27.7930    601.969    1460.67    1449.57 0.0000e+00
      17162    610.000     0.4452   2.942392     1.7395   118.9367      38.90    715.055    34.6408     4.9090    27.7930    602.956    1460.66    1449.59 0.0000e+00
      17182    611.000     0.4399   2.941961     1.7401   118.9352      89.77    715.891    34.6406     4.9182    27.7932    603.943    1460.65    1449.61 0.0000e+00
      17203    612.000     0.4382   2.941852     1.7412   118.9339      89.00    716.742    34.6404     4.9227    27.7931    604.930    1460.66    1449.62 0.0000e+00
      17223    613.000     0.4367   2.941758     1.7418   118.9338      49.65    717.596    34.6404     4.9212    27.7931    605.917    1460.67    1449.64 0.0000e+00
      17244    614.000     0.4359   2.941739     1.7422   118.9353      98.39    718.453    34.6404     4.9268    27.7932    606.904    1460.68    1449.66 0.0000e+00
      17264    615.000     0.4361   2.941799     1.7433   118.9323      98.68    719.304    34.6404     4.9322    27.7932    607.891    1460.70    1449.68 0.0000e+00
      17285    616.000     0.4360   2.941840     1.7438   118.9362      98.68    720.156    34.6405     4.9273    27.7933    608.878    1460.72    1449.69 0.0000e+00
      17305    617.000     0.4356   2.941861     1.7440   118.9313      98.68    721.019    34.6406     4.9301    27.7934    609.865    1460.73    1449.71 0.0000e+00
      17326    618.000     0.4353   2.941892     1.7444   118.9325      98.68    721.886    34.6407     4.9283    27.7935    610.852    1460.75    1449.73 0.0000e+00
      17347    619.000     0.4355   2.941959     1.7442   118.9342      98.68    722.770    34.6409     4.9265    27.7936    611.839    1460.76    1449.75 0.0000e+00
      17369    620.000     0.4355   2.942008     1.7446   118.9366      98.68    723.667    34.6410     4.9335    27.7937    612.826    1460.78    1449.77 0.0000e+00
      17390    621.000     0.4345   2.941982     1.7450   118.9328      98.68    724.560    34.6410     4.9323    27.7938    613.813    1460.79    1449.78 0.0000e+00
      17412    622.000     0.4327   2.941868     1.7448   118.9325      98.68    725.456    34.6411     4.9311    27.7940    614.800    1460.80    1449.80 0.0000e+00
      17434    623.000     0.4319   2.941845     1.7452   118.9354      59.37    726.374    34.6411     4.9346    27.7940    615.787    1460.81    1449.81 0.0000e+00
      17456    624.000     0.4314   2.941869     1.7450   118.9367      97.93    727.294    34.6413     4.9305    27.7942    616.774    1460.83    1449.83 0.0000e+00
      17478    625.000     0.4311   2.941892     1.7449   118.9324      98.68    728.214    34.6413     4.9341    27.7943    617.761    1460.84    1449.85 0.0000e+00
      17499    626.000     0.4305   2.941893     1.7451   118.9312      98.68    729.103    34.6415     4.9333    27.7944    618.748    1460.86    1449.87 0.0000e+00
      17521    627.000     0.4299   2.941893     1.7448   118.9327      98.68    729.988    34.6416     4.9305    27.7945    619.735    1460.87    1449.89 0.0000e+00
      17542    628.000     0.4296   2.941928     1.7448   118.9314      98.68    730.896    34.6418     4.9354    27.7948    620.722    1460.89    1449.91 0.0000e+00
      17564    629.000     0.4296   2.941983     1.7449   118.9311      98.68    731.789    34.6419     4.9337    27.7949    621.708    1460.90    1449.92 0.0000e+00
      17585    630.000     0.4297   2.942033     1.7445   118.9327      98.68    732.682    34.6419     4.9304    27.7948    622.695    1460.92    1449.94 0.0000e+00
      17607    631.000     0.4296   2.942097     1.7445   118.9343      98.68    733.569    34.6422     4.9358    27.7951    623.682    1460.94    1449.95 0.0000e+00
      17628    632.000     0.4300   2.942176     1.7443   116.9264      98.68    734.449    34.6423     4.9323    27.7951    624.669    1460.96    1449.97 0.0000e+00
      17649    633.000     0.4302   2.942237     1.7445   113.7409      98.68    735.329    34.6423     4.9374    27.7952    625.656    1460.97    1449.99 0.0000e+00
      17670    634.000     0.4303   2.942306     1.7443   110.3128      98.68    736.196    34.6425     4.9330    27.7953    626.643    1460.99    1450.01 0.0000e+00
      17691    635.000     0.4305   2.942376     1.7440   107.9088      98.68    737.067    34.6426     4.9307    27.7954    627.630    1461.01    1450.02 0.0000e+00
      17711    636.000     0.4308   2.942459     1.7437   103.7963      92.76    737.928    34.6427     4.9284    27.7955    628.617    1461.03    1450.04 0.0000e+00
      17732    637.000     0.4308   2.942509     1.7433   102.0267      50.43    738.799    34.6428     4.9246    27.7955    629.604    1461.04    1450.06 0.0000e+00
      17753    638.000     0.4311   2.942582     1.7426   101.6195      91.71    739.673    34.6429     4.9235    27.7955    630.591    1461.06    1450.08 0.0000e+00
      17774    639.000     0.4314   2.942645     1.7423   100.8962      68.55    740.550    34.6428     4.9270    27.7955    631.577    1461.08    1450.10 0.0000e+00
      17795    640.000     0.4320   2.942765     1.7420    99.7938      62.59    741.434    34.6431     4.9306    27.7957    632.564    1461.10    1450.11 0.0000e+00
      17817    641.000     0.4330   2.942947     1.7423    97.4893      98.59    742.313    34.6437     4.9306    27.7961    633.551    1461.12    1450.13 0.0000e+00
      17838    642.000     0.4331   2.942992     1.7418    96.6224      44.66    743.196    34.6437     4.9270    27.7961    634.538    1461.14    1450.14 0.0000e+00
      17859    643.000     0.4332   2.943054     1.7419    96.9070      97.72    744.068    34.6438     4.9270    27.7962    635.525    1461.15    1450.16 0.0000e+00
      17880    644.000     0.4338   2.943190     1.7413    97.7474      98.68    744.943    34.6443     4.9243    27.7965    636.512    1461.17    1450.18 0.0000e+00
      17901    645.000     0.4343   2.943292     1.7412    95.0738      98.68    745.816    34.6445     4.9304    27.7967    637.499    1461.19    1450.19 0.0000e+00
      17921    646.000     0.4345   2.943349     1.7411    91.6974      98.68    746.686    34.6445     4.9284    27.7967    638.485    1461.21    1450.21 0.0000e+00
      17943    647.000     0.4345   2.943392     1.7411    89.3159      98.68    747.566    34.6444     4.9280    27.7967    639.472    1461.22    1450.23 0.0000e+00
      17964    648.000     0.4346   2.943454     1.7408    88.3098      98.68    748.447    34.6445     4.9253    27.7967    640.459    1461.24    1450.25 0.0000e+00
      17985    649.000     0.4349   2.943534     1.7405    89.4748      88.40    749.341    34.6447     4.9263    27.7968    641.446    1461.26    1450.26 0.0000e+00
      18007    650.000     0.4350   2.943603     1.7402    96.2710      84.93    750.239    34.6449     4.9221    27.7970    642.433    1461.28    1450.28 0.0000e+00
      18028    651.000     0.4352   2.943679     1.7396    98.2478      98.65    751.144    34.6450     4.9186    27.7971    643.420    1461.29    1450.30 0.0000e+00
      18050    652.000     0.4356   2.943784     1.7390   106.2299      98.68    752.052    34.6454     4.9183    27.7974    644.406    1461.31    1450.31 0.0000e+00
      18072    653.000     0.4358   2.943856     1.7388   114.1411      98.68    752.961    34.6456     4.9247    27.7975    645.393    1461.33    1450.33 0.0000e+00
      18094    654.000     0.4362   2.943951     1.7388   119.0221      94.46    753.871    34.6458     4.9249    27.7977    646.380    1461.35    1450.34 0.0000e+00
      18116    655.000     0.4367   2.944060     1.7387   118.9330      81.96    754.774    34.6460     4.9214    27.7978    647.367    1461.37    1450.36 0.0000e+00
      18137    656.000     0.4378   2.944228     1.7382   118.9353      49.94    755.671    34.6465     4.9212    27.7981    648.353    1461.39    1450.38 0.0000e+00
      18158    657.000     0.4381   2.944310     1.7382   118.9339      99.28    756.552    34.6466     4.9203    27.7982    649.340    1461.41    1450.40 0.0000e+00
      18179    658.000     0.4384   2.944380     1.7376   118.9353      56.77    757.428    34.6466     4.9161    27.7982    650.327    1461.43    1450.41 0.0000e+00
      18200    659.000     0.4392   2.944497     1.7374   118.9325      65.74    758.295    34.6467     4.9177    27.7982    651.314    1461.45    1450.43 0.0000e+00
      18221    660.000     0.4397   2.944616     1.7369   118.9353      98.73    759.168    34.6470     4.9131    27.7985    652.301    1461.47    1450.45 0.0000e+00
      18243    661.000     0.4408   2.944777     1.7364   118.9340      98.68    760.069    34.6474     4.9129    27.7987    653.287    1461.49    1450.47 0.0000e+00
      18264    662.000     0.4430   2.945051     1.7361   118.9354      98.68    760.971    34.6479     4.9164    27.7990    654.274    1461.52    1450.47 0.0000e+00
      18286    663.000     0.4448   2.945282     1.7358   118.9312      98.68    761.891    34.6483     4.9145    27.7992    655.261    1461.54    1450.49 0.0000e+00
      18309    664.000     0.4465   2.945485     1.7358   118.9330      98.68    762.822    34.6485     4.9165    27.7993    656.248    1461.57    1450.51 0.0000e+00
      18331    665.000     0.4474   2.945615     1.7354   118.9353      91.50    763.766    34.6486     4.9087    27.7993    657.234    1461.59    1450.53 0.0000e+00
      18354    666.000     0.4478   2.945697     1.7347   118.9354      68.22    764.713    34.6486     4.9029    27.7993    658.221    1461.60    1450.55 0.0000e+00
      18377    667.000     0.4492   2.945876     1.7340   118.9342      98.27    765.654    34.6488     4.9081    27.7993    659.208    1461.63    1450.56 0.0000e+00
      18399    668.000     0.4502   2.946020     1.7338   118.9354      98.68    766.588    34.6490     4.9077    27.7995    660.195    1461.65    1450.58 0.0000e+00
      18421    669.000     0.4524   2.946273     1.7336   118.9367      98.68    767.513    34.6493     4.9066    27.7996    661.181    1461.68    1450.59 0.0000e+00
      18443    670.000     0.4535   2.946432     1.7331   118.9354      98.68    768.435    34.6495     4.9045    27.7997    662.168    1461.70    1450.61 0.0000e+00
      18465    671.000     0.4548   2.946602     1.7327   118.9323      98.68    769.350    34.6497     4.8988    27.7998    663.155    1461.72    1450.63 0.0000e+00
      18488    672.000     0.4563   2.946791     1.7320   118.9344      98.51    770.275    34.6499     4.9003    27.7999    664.141    1461.74    1450.64 0.0000e+00
      18510    673.000     0.4646   2.947653     1.7316   118.9340      85.95    771.196    34.6513     4.8995    27.8005    665.128    1461.80    1450.66 0.0000e+00
      18532    674.000     0.4646   2.947703     1.7316   118.9354      33.93    772.121    34.6513     4.9040    27.8005    666.115    1461.82    1450.68 0.0000e+00
      18554    675.000     0.4676   2.948032     1.7312   118.9340      97.80    773.059    34.6518     4.8951    27.8007    667.102    1461.85    1450.70 0.0000e+00
      18577    676.000     0.4676   2.948077     1.7307   118.9342      98.68    774.006    34.6517     4.8950    27.8007    668.088    1461.86    1450.70 0.0000e+00
      18600    677.000     0.4675   2.948097     1.7302   118.9341      98.68    774.972    34.6516     4.8942    27.8006    669.075    1461.88    1450.72 0.0000e+00
