tests/test_data/sbe_files/sbe911plus/dml_2020/sta013_01.cnv
* Sea-Bird SBE 9 Data File:
* FileName = C:\DML_2020\hex_data\sta013_01.hex
* Software Version Seasave V 7.21b
* Temperature SN = 5299
* Conductivity SN = 3742
* Number of Bytes Per Scan = 45
* Number of Voltage Words = 4
* Number of Scans Averaged by the Deck Unit = 1
* NMEA Latitude = 69 25.10 S
* NMEA Longitude = 006 10.92 E
* NMEA UTC (Time) = Jan 04 2021  14:51:19
* NMEA baud rate = 4800
** Cruise: DML 2020
** Ship: Malik Arctica
** Station (File Number):  012
** Latitude:
** Longitude:
** Echodepth (m):
** Seastate:
# nquan = 15
# nvalues = 1513                        
# units = specified
# name 0 = scan: Scan Count
# name 1 = prDM: Pressure, Digiquartz [db]
# name 2 = t090C: Temperature [ITS-90, deg C]
# name 3 = c0S/m: Conductivity [S/m]
# name 4 = sbeox0V: Oxygen raw, SBE 43 [V]
# name 5 = flECO-AFL: Fluorescence, WET Labs ECO-AFL/FL [mg/m^3]
# name 6 = altM: Altimeter [m]
# name 7 = timeS: Time, Elapsed [seconds]
# name 8 = sal00: Salinity, Practical [PSU]
# name 9 = sbeox0ML/L: Oxygen, SBE 43 [ml/l], WS = 2
# name 10 = sigma-é00: Density [sigma-theta, kg/m^3]
# name 11 = depSM: Depth [salt water, m], lat = -69.4183
# name 12 = svCM: Sound Velocity [Chen-Millero, m/s]
# name 13 = avgsvCM: Average Sound Velocity [Chen-Millero, m/s], minP = 20, minS = 20
# name 14 = flag: flag
# span 0 =       3286,      46412       
# span 1 =      4.000,   1517.000       
# span 2 =    -1.8232,     0.6011       
# span 3 =   2.694586,   2.967257       
# span 4 =     1.5852,     2.4273       
# span 5 =     1.0271,   119.0221       
# span 6 =      10.39,      99.76       
# span 7 =    136.879,   1933.807       
# span 8 =    34.0340,    34.6786       
# span 9 =     4.7364,     7.5918       
# span 10 =    27.3906,    27.8339      
# span 11 =      3.960,   1496.247      
# span 12 =    1440.18,    1474.67      
# span 13 =       0.00,    1460.57      
# span 14 = 0.0000e+00, 0.0000e+00      
# interval = decibars: 1                
# start_time = Jan 04 2021 14:51:19 [NMEA time, first data scan]
# bad_flag = -9.990e-29
*END*
[from data line 1350]
      35640   1355.000     0.3144   2.966102     1.5995     1.1052      34.48   1484.952    34.6749     4.7984    27.8303   1336.976    1472.45    1459.04 0.0000e+00
      35661   1356.000     0.3132   2.966046     1.5993     1.0828      97.85   1485.843    34.6749     4.8001    27.8304   1337.959    1472.46    1459.05 0.0000e+00
      35683   1357.000     0.3133   2.966090     1.5994     1.0940      98.68   1486.745    34.6749     4.8018    27.8304   1338.943    1472.47    1459.06 0.0000e+00
      35705   1358.000     0.3130   2.966106     1.5991     1.0937      98.68   1487.665    34.6749     4.7988    27.8304   1339.926    1472.49    1459.07 0.0000e+00
      35727   1359.000     0.3113   2.965997     1.5991     1.0773      98.68   1488.598    34.6748     4.8014    27.8304   1340.910    1472.50    1459.08 0.0000e+00
      35750   1360.000     0.3102   2.965953     1.5988     1.0758      96.85   1489.538    34.6749     4.7977    27.8306   1341.893    1472.51    1459.09 0.0000e+00
      35773   1361.000     0.3091   2.965886     1.5985     1.0466      89.21   1490.483    34.6747     4.7987    27.8305   1342.877    1472.52    1459.10 0.0000e+00
      35795   1362.000     0.3085   2.965889     1.5985     1.0748      31.60   1491.422    34.6748     4.8076    27.8306   1343.860    1472.54    1459.11 0.0000e+00
      35817   1363.000     0.3076   2.965835     1.5988     1.0759      98.25   1492.348    34.6747     4.8025    27.8305   1344.844    1472.55    1459.12 0.0000e+00
      35840   1364.000     0.3071   2.965842     1.5982     1.0771      98.68   1493.300    34.6747     4.7957    27.8306   1345.827    1472.56    1459.13 0.0000e+00
      35864   1365.000     0.3072   2.965895     1.5982     1.0759      98.68   1494.289    34.6748     4.8012    27.8307   1346.811    1472.58    1459.14 0.0000e+00
      35888   1366.000     0.3070   2.965922     1.5979     1.0673      98.68   1495.273    34.6747     4.8003    27.8306   1347.794    1472.60    1459.15 0.0000e+00
      35912   1367.000     0.3053   2.965813     1.5977     1.0467      98.41   1496.286    34.6747     4.8015    27.8307   1348.778    1472.61    1459.16 0.0000e+00
      35939   1368.000     0.3027   2.965622     1.5976     1.0466      75.80   1497.410    34.6746     4.7989    27.8308   1349.761    1472.61    1459.17 0.0000e+00
      35967   1369.000     0.3022   2.965629     1.5977     1.0622      76.92   1498.601    34.6747     4.8122    27.8309   1350.745    1472.62    1459.18 0.0000e+00
      35997   1370.000     0.3021   2.965654     1.5978     1.0593      98.43   1499.841    34.6746     4.8029    27.8308   1351.728    1472.64    1459.19 0.0000e+00
      36028   1371.000     0.3022   2.965705     1.5977     1.0485      88.94   1501.141    34.6745     4.8072    27.8308   1352.712    1472.66    1459.20 0.0000e+00
      36061   1372.000     0.3020   2.965739     1.5977     1.0706      48.42   1502.485    34.6746     4.8045    27.8309   1353.695    1472.67    1459.21 0.0000e+00
      36093   1373.000     0.3020   2.965774     1.5976     1.0472      99.17   1503.826    34.6746     4.8050    27.8308   1354.678    1472.69    1459.22 0.0000e+00
      36125   1374.000     0.3014   2.965769     1.5973     1.0484      98.68   1505.159    34.6747     4.8085    27.8309   1355.662    1472.70    1459.23 0.0000e+00
      36156   1375.000     0.3003   2.965722     1.5976     1.0466      98.68   1506.455    34.6746     4.8056    27.8310   1356.645    1472.71    1459.24 0.0000e+00
      36186   1376.000     0.2989   2.965637     1.5972     1.0476      96.11   1507.726    34.6746     4.8059    27.8310   1357.629    1472.73    1459.25 0.0000e+00
      36216   1377.000     0.2973   2.965533     1.5973     1.0476      54.76   1508.964    34.6744     4.8082    27.8310   1358.612    1472.73    1459.25 0.0000e+00
      36246   1378.000     0.2957   2.965430     1.5971     1.0466      98.42   1510.194    34.6743     4.8078    27.8310   1359.596    1472.74    1459.26 0.0000e+00
      36275   1379.000     0.2953   2.965442     1.5971     1.0466      98.68   1511.432    34.6744     4.8066    27.8311   1360.579    1472.76    1459.27 0.0000e+00
      36306   1380.000     0.2947   2.965429     1.5966     1.0482      98.68   1512.712    34.6744     4.8049    27.8311   1361.562    1472.77    1459.28 0.0000e+00
      36335   1381.000     0.2945   2.965447     1.5966     1.0469      98.68   1513.925    34.6743     4.8060    27.8311   1362.546    1472.79    1459.29 0.0000e+00
      36362   1382.000     0.2930   2.965370     1.5964     1.0628      91.02   1515.037    34.6744     4.8070    27.8312   1363.529    1472.80    1459.30 0.0000e+00
      36389   1383.000     0.2903   2.965163     1.5964     1.0759      69.91   1516.163    34.6742     4.8113    27.8312   1364.513    1472.80    1459.31 0.0000e+00
      36415   1384.000     0.2876   2.964976     1.5965     1.0592      93.86   1517.256    34.6742     4.8077    27.8313   1365.496    1472.80    1459.32 0.0000e+00
      36441   1385.000     0.2871   2.964963     1.5962     1.0467      48.59   1518.342    34.6741     4.8101    27.8313   1366.479    1472.82    1459.33 0.0000e+00
      36468   1386.000     0.2859   2.964895     1.5964     1.0488      97.49   1519.451    34.6740     4.8159    27.8313   1367.463    1472.83    1459.34 0.0000e+00
      36495   1387.000     0.2859   2.964946     1.5963     1.0466      53.54   1520.566    34.6741     4.8142    27.8313   1368.446    1472.85    1459.35 0.0000e+00
      36522   1388.000     0.2858   2.964984     1.5966     1.0466      98.05   1521.693    34.6741     4.8141    27.8314   1369.430    1472.86    1459.36 0.0000e+00
      36550   1389.000     0.2848   2.964935     1.5964     1.0466      98.68   1522.895    34.6740     4.8134    27.8314   1370.413    1472.88    1459.37 0.0000e+00
      36589   1390.000     0.2835   2.964871     1.5966     1.0642      98.68   1524.492    34.6741     4.8198    27.8315   1371.396    1472.89    1459.38 0.0000e+00
      36633   1391.000     0.2833   2.964878     1.5969     1.0487      80.08   1526.320    34.6739     4.8205    27.8314   1372.380    1472.90    1459.39 0.0000e+00
      36679   1392.000     0.2829   2.964892     1.5970     1.0479      96.66   1528.238    34.6739     4.8205    27.8314   1373.363    1472.92    1459.40 0.0000e+00
      36724   1393.000     0.2822   2.964874     1.5969     1.0605      98.66   1530.132    34.6740     4.8189    27.8315   1374.346    1472.93    1459.41 0.0000e+00
      36773   1394.000     0.2811   2.964820     1.5969     1.0660      98.68   1532.175    34.6739     4.8196    27.8315   1375.330    1472.94    1459.42 0.0000e+00
      36825   1395.000     0.2806   2.964816     1.5967     1.0468      98.68   1534.340    34.6738     4.8181    27.8315   1376.313    1472.96    1459.43 0.0000e+00
      36870   1396.000     0.2794   2.964766     1.5965     1.0386      75.75   1536.223    34.6740     4.8169    27.8317   1377.296    1472.97    1459.44 0.0000e+00
      36914   1397.000     0.2792   2.964780     1.5963     1.0592      98.44   1538.022    34.6739     4.8190    27.8316   1378.280    1472.98    1459.45 0.0000e+00
      36960   1398.000     0.2792   2.964811     1.5962     1.0465      98.68   1539.938    34.6738     4.8194    27.8315   1379.263    1473.00    1459.46 0.0000e+00
      37003   1399.000     0.2789   2.964833     1.5962     1.0480      91.05   1541.755    34.6738     4.8202    27.8316   1380.246    1473.02    1459.46 0.0000e+00
      37045   1400.000     0.2788   2.964870     1.5958     1.0466      90.42   1543.488    34.6738     4.8178    27.8316   1381.230    1473.03    1459.47 0.0000e+00
      37087   1401.000     0.2775   2.964799     1.5961     1.0466      98.68   1545.249    34.6738     4.8212    27.8317   1382.213    1473.04    1459.48 0.0000e+00
      37130   1402.000     0.2753   2.964649     1.5956     1.0662      84.78   1547.030    34.6737     4.8177    27.8317   1383.196    1473.05    1459.49 0.0000e+00
      37171   1403.000     0.2751   2.964664     1.5954     1.0465      63.55   1548.756    34.6737     4.8181    27.8317   1384.180    1473.07    1459.50 0.0000e+00
      37211   1404.000     0.2748   2.964685     1.5954     1.0466      98.67   1550.437    34.6737     4.8225    27.8317   1385.163    1473.08    1459.51 0.0000e+00
      37253   1405.000     0.2742   2.964674     1.5954     1.0473      98.68   1552.159    34.6737     4.8197    27.8317   1386.146    1473.09    1459.52 0.0000e+00
      37294   1406.000     0.2734   2.964646     1.5952     1.0554      87.38   1553.860    34.6736     4.8208    27.8317   1387.130    1473.11    1459.53 0.0000e+00
      37333   1407.000     0.2725   2.964603     1.5953     1.0583      98.63   1555.514    34.6735     4.8219    27.8317   1388.113    1473.12    1459.54 0.0000e+00
      37373   1408.000     0.2714   2.964547     1.5950     1.0475      98.01   1557.161    34.6735     4.8228    27.8318   1389.096    1473.13    1459.55 0.0000e+00
      37414   1409.000     0.2709   2.964550     1.5953     1.0466      61.87   1558.858    34.6736     4.8251    27.8319   1390.079    1473.15    1459.56 0.0000e+00
      37455   1410.000     0.2695   2.964463     1.5951     1.0480      87.14   1560.593    34.6735     4.8217    27.8319   1391.063    1473.16    1459.57 0.0000e+00
      37498   1411.000     0.2687   2.964444     1.5949     1.0466      78.72   1562.357    34.6735     4.8235    27.8319   1392.046    1473.17    1459.58 0.0000e+00
      37540   1412.000     0.2686   2.964482     1.5949     1.0473      98.76   1564.132    34.6735     4.8248    27.8319   1393.029    1473.19    1459.59 0.0000e+00
      37582   1413.000     0.2683   2.964495     1.5949     1.0466      98.68   1565.885    34.6736     4.8236    27.8320   1394.013    1473.20    1459.60 0.0000e+00
      37623   1414.000     0.2681   2.964522     1.5948     1.0660      98.68   1567.591    34.6735     4.8278    27.8320   1394.996    1473.22    1459.61 0.0000e+00
      37664   1415.000     0.2678   2.964535     1.5948     1.0765      98.68   1569.272    34.6735     4.8232    27.8320   1395.979    1473.23    1459.62 0.0000e+00
      37705   1416.000     0.2648   2.964307     1.5946     1.0546      75.13   1570.989    34.6734     4.8264    27.8321   1396.962    1473.23    1459.63 0.0000e+00
      37747   1417.000     0.2637   2.964253     1.5943     1.0473      98.77   1572.756    34.6734     4.8201    27.8321   1397.946    1473.25    1459.64 0.0000e+00
      37791   1418.000     0.2631   2.964246     1.5942     1.0473      98.68   1574.564    34.6734     4.8310    27.8322   1398.929    1473.26    1459.65 0.0000e+00
      37833   1419.000     0.2626   2.964239     1.5945     1.0480      93.94   1576.329    34.6733     4.8287    27.8321   1399.912    1473.28    1459.66 0.0000e+00
      37874   1420.000     0.2605   2.964100     1.5944     1.0466      53.20   1578.052    34.6732     4.8271    27.8321   1400.895    1473.28    1459.67 0.0000e+00
      37915   1421.000     0.2579   2.963909     1.5941     1.0652      98.85   1579.756    34.6731     4.8244    27.8322   1401.879    1473.29    1459.68 0.0000e+00
      37957   1422.000     0.2576   2.963925     1.5940     1.0623      98.68   1581.496    34.6731     4.8328    27.8322   1402.862    1473.30    1459.69 0.0000e+00
      38000   1423.000     0.2575   2.963962     1.5942     1.0678      98.68   1583.300    34.6731     4.8289    27.8323   1403.845    1473.32    1459.70 0.0000e+00
      38045   1424.000     0.2573   2.963984     1.5941     1.0472      97.85   1585.155    34.6731     4.8316    27.8323   1404.828    1473.33    1459.71 0.0000e+00
      38088   1425.000     0.2575   2.964047     1.5941     1.0617      62.58   1586.974    34.6731     4.8288    27.8323   1405.811    1473.35    1459.71 0.0000e+00
      38130   1426.000     0.2571   2.964053     1.5939     1.0680      85.99   1588.711    34.6731     4.8296    27.8323   1406.795    1473.37    1459.72 0.0000e+00
      38170   1427.000     0.2566   2.964057     1.5937     1.0474      81.37   1590.372    34.6732     4.8305    27.8324   1407.778    1473.38    1459.73 0.0000e+00
      38210   1428.000     0.2566   2.964102     1.5939     1.0658      98.63   1592.037    34.6732     4.8340    27.8324   1408.761    1473.40    1459.74 0.0000e+00
      38251   1429.000     0.2566   2.964134     1.5939     1.0466      98.68   1593.770    34.6731     4.8342    27.8323   1409.744    1473.41    1459.75 0.0000e+00
      38295   1430.000     0.2567   2.964191     1.5939     1.0474      85.86   1595.586    34.6731     4.8312    27.8324   1410.727    1473.43    1459.76 0.0000e+00
      38340   1431.000     0.2568   2.964238     1.5938     1.0647      97.79   1597.461    34.6732     4.8312    27.8324   1411.711    1473.45    1459.77 0.0000e+00
      38384   1432.000     0.2569   2.964291     1.5935     1.0472      98.68   1599.296    34.6731     4.8341    27.8323   1412.694    1473.47    1459.78 0.0000e+00
      38427   1433.000     0.2562   2.964263     1.5932     1.0466      98.68   1601.065    34.6731     4.8266    27.8323   1413.677    1473.48    1459.79 0.0000e+00
      38468   1434.000     0.2554   2.964239     1.5930     1.0466      98.68   1602.782    34.6731     4.8316    27.8324   1414.660    1473.49    1459.80 0.0000e+00
      38510   1435.000     0.2551   2.964266     1.5930     1.0466      93.61   1604.526    34.6732     4.8308    27.8325   1415.643    1473.51    1459.81 0.0000e+00
      38552   1436.000     0.2552   2.964305     1.5927     1.0466      61.56   1606.292    34.6730     4.8304    27.8324   1416.626    1473.52    1459.82 0.0000e+00
      38595   1437.000     0.2549   2.964320     1.5926     1.0466      98.83   1608.091    34.6731     4.8325    27.8324   1417.609    1473.54    1459.83 0.0000e+00
      38638   1438.000     0.2541   2.964287     1.5925     1.0466      98.68   1609.877    34.6730     4.8295    27.8324   1418.593    1473.55    1459.84 0.0000e+00
      38680   1439.000     0.2533   2.964259     1.5922     1.0545      98.68   1611.625    34.6729     4.8306    27.8324   1419.576    1473.57    1459.84 0.0000e+00
      38721   1440.000     0.2527   2.964248     1.5921     1.0576      75.16   1613.339    34.6729     4.8311    27.8325   1420.559    1473.58    1459.85 0.0000e+00
      38763   1441.000     0.2521   2.964243     1.5921     1.0648      98.76   1615.089    34.6730     4.8343    27.8325   1421.542    1473.60    1459.86 0.0000e+00
      38807   1442.000     0.2504   2.964129     1.5921     1.0525      98.68   1616.904    34.6729     4.8338    27.8325   1422.525    1473.60    1459.87 0.0000e+00
      38851   1443.000     0.2500   2.964143     1.5921     1.0584      98.68   1618.769    34.6729     4.8335    27.8326   1423.508    1473.62    1459.88 0.0000e+00
      38896   1444.000     0.2498   2.964152     1.5919     1.0606      98.68   1620.618    34.6728     4.8341    27.8325   1424.491    1473.63    1459.89 0.0000e+00
      38939   1445.000     0.2498   2.964202     1.5920     1.0513      84.09   1622.426    34.6729     4.8374    27.8326   1425.475    1473.65    1459.90 0.0000e+00
      38982   1446.000     0.2500   2.964266     1.5922     1.0473      98.78   1624.200    34.6729     4.8372    27.8326   1426.458    1473.67    1459.91 0.0000e+00
      39024   1447.000     0.2498   2.964288     1.5919     1.0473      91.12   1625.957    34.6728     4.8350    27.8325   1427.441    1473.68    1459.92 0.0000e+00
      39066   1448.000     0.2491   2.964264     1.5917     1.0466      61.36   1627.719    34.6728     4.8358    27.8326   1428.424    1473.70    1459.93 0.0000e+00
      39108   1449.000     0.2484   2.964246     1.5917     1.0626      98.57   1629.474    34.6728     4.8327    27.8326   1429.407    1473.71    1459.94 0.0000e+00
