tests/test_data/sbe_files/sbe911plus/dml_2020/sta014_01.cnv
* Sea-Bird SBE 9 Data File:
* FileName = C:\DML_2020\hex_data\sta014_01.hex
* Software Version Seasave V 7.21b
* Temperature SN = 5299
* Conductivity SN = 3742
* Number of Bytes Per Scan = 45
* Number of Voltage Words = 4
* Number of Scans Averaged by the Deck Unit = 1
* NMEA Latitude = 69 03.65 S
* NMEA Longitude = 006 02.87 E
* NMEA UTC (Time) = Jan 05 2021  15:58:23
* NMEA baud rate = 4800
** Cruise: DML 2020
** Ship: Malik Arctica
** Station (File Number):  014
** Latitude:
** Longitude:
** Echodepth (m):
** Seastate:
# nquan = 15
# nvalues = 2219                        
# units = specified
# name 0 = scan: Scan Count
# name 1 = prDM: Pressure, Digiquartz [db]
# name 2 = t090C: Temperature [ITS-90, deg C]
# name 3 = c0S/m: Conductivity [S/m]
# name 4 = sbeox0V: Oxygen raw, SBE 43 [V]
# name 5 = flECO-AFL: Fluorescence, WET Labs ECO-AFL/FL [mg/m^3]
# name 6 = altM: Altimeter [m]
# name 7 = timeS: Time, Elapsed [seconds]
# name 8 = sal00: Salinity, Practical [PSU]
# name 9 = sbeox0ML/L: Oxygen, SBE 43 [ml/l], WS = 2
# name 10 = sigma-é00: Density [sigma-theta, kg/m^3]
# name 11 = depSM: Depth [salt water, m], lat = -69.0608
# name 12 = svCM: Sound Velocity [Chen-Millero, m/s]
# name 13 = avgsvCM: Average Sound Velocity [Chen-Millero, m/s], minP = 20, minS = 20
# name 14 = flag: flag
# span 0 =       3260,      60539       
# span 1 =      2.000,   2220.000       
# span 2 =    -1.8017,     0.7244       
# span 3 =   2.696303,   2.976075       
# span 4 =     1.5139,     2.3985       
# span 5 =     1.0259,     4.3432       
# span 6 =      10.97,     100.43       
# span 7 =    135.791,   2522.424       
# span 8 =    34.0754,    34.6791       
# span 9 =     4.7400,     7.4773       
# span 10 =    27.4254,    27.8395      
# span 11 =      1.980,   2186.064      
# span 12 =    1440.20,    1485.65      
# span 13 =       0.00,    1467.35      
# span 14 = 0.0000e+00, 0.0000e+00      
# interval = decibars: 1                
# start_time = Jan 05 2021 15:58:23 [NMEA time, first data scan]
# bad_flag = -9.990e-29
*END*
[from data line 1639]
      46530   1641.000     0.1853   2.966657     1.5709     1.0769      98.68   1938.728    34.6702     4.8777    27.8346   1618.112    1476.63    1462.59 0.0000e+00
      46554   1642.000     0.1835   2.966527     1.5708     1.0477      98.68   1939.716    34.6701     4.8729    27.8346   1619.094    1476.64    1462.60 0.0000e+00
      46577   1643.000     0.1836   2.966579     1.5708     1.0466      97.52   1940.677    34.6701     4.8701    27.8346   1620.077    1476.65    1462.61 0.0000e+00
      46600   1644.000     0.1837   2.966641     1.5705     1.0467      55.58   1941.612    34.6702     4.8715    27.8347   1621.059    1476.67    1462.62 0.0000e+00
      46622   1645.000     0.1839   2.966701     1.5705     1.0479      99.03   1942.528    34.6702     4.8741    27.8347   1622.041    1476.69    1462.62 0.0000e+00
      46643   1646.000     0.1839   2.966738     1.5705     1.0466      98.68   1943.437    34.6702     4.8776    27.8347   1623.023    1476.71    1462.63 0.0000e+00
      46665   1647.000     0.1837   2.966769     1.5705     1.0466      98.68   1944.353    34.6702     4.8735    27.8347   1624.005    1476.72    1462.64 0.0000e+00
      46688   1648.000     0.1836   2.966792     1.5702     1.0466      98.68   1945.285    34.6701     4.8803    27.8346   1624.988    1476.74    1462.65 0.0000e+00
      46711   1649.000     0.1824   2.966725     1.5709     1.0466      98.68   1946.244    34.6701     4.8800    27.8347   1625.970    1476.75    1462.66 0.0000e+00
      46735   1650.000     0.1819   2.966723     1.5702     1.0478      98.18   1947.236    34.6700     4.8729    27.8346   1626.952    1476.77    1462.67 0.0000e+00
      46759   1651.000     0.1815   2.966724     1.5703     1.0692      62.36   1948.266    34.6700     4.8758    27.8347   1627.934    1476.78    1462.68 0.0000e+00
      46785   1652.000     0.1812   2.966752     1.5700     1.0760      99.06   1949.324    34.6701     4.8734    27.8348   1628.916    1476.80    1462.69 0.0000e+00
      46810   1653.000     0.1814   2.966807     1.5701     1.0771      98.68   1950.376    34.6701     4.8805    27.8347   1629.899    1476.81    1462.69 0.0000e+00
      46835   1654.000     0.1813   2.966839     1.5696     1.0587      98.68   1951.404    34.6700     4.8707    27.8347   1630.881    1476.83    1462.70 0.0000e+00
      46859   1655.000     0.1810   2.966854     1.5697     1.0466      98.68   1952.397    34.6701     4.8813    27.8348   1631.863    1476.84    1462.71 0.0000e+00
      46881   1656.000     0.1805   2.966848     1.5698     1.0466      98.29   1953.353    34.6700     4.8794    27.8347   1632.845    1476.86    1462.72 0.0000e+00
      46904   1657.000     0.1802   2.966861     1.5698     1.0466      80.80   1954.278    34.6699     4.8743    27.8347   1633.827    1476.87    1462.73 0.0000e+00
      46925   1658.000     0.1800   2.966892     1.5693     1.0471      56.95   1955.181    34.6700     4.8813    27.8348   1634.809    1476.89    1462.74 0.0000e+00
      46947   1659.000     0.1800   2.966923     1.5698     1.0769      98.31   1956.086    34.6700     4.8829    27.8347   1635.792    1476.91    1462.75 0.0000e+00
      46969   1660.000     0.1797   2.966949     1.5694     1.0530      43.74   1956.999    34.6700     4.8744    27.8348   1636.774    1476.92    1462.76 0.0000e+00
      46991   1661.000     0.1797   2.966992     1.5694     1.0466      98.18   1957.934    34.6700     4.8794    27.8348   1637.756    1476.94    1462.76 0.0000e+00
      47015   1662.000     0.1798   2.967021     1.5691     1.0478      63.36   1958.896    34.6699     4.8772    27.8347   1638.738    1476.96    1462.77 0.0000e+00
      47038   1663.000     0.1797   2.967061     1.5691     1.0466      81.21   1959.888    34.6699     4.8737    27.8347   1639.720    1476.97    1462.78 0.0000e+00
      47063   1664.000     0.1788   2.967031     1.5686     1.0466      78.53   1960.903    34.6699     4.8779    27.8348   1640.702    1476.99    1462.79 0.0000e+00
      47087   1665.000     0.1786   2.967060     1.5686     1.0466      67.65   1961.924    34.6700     4.8792    27.8349   1641.685    1477.00    1462.80 0.0000e+00
      47111   1666.000     0.1786   2.967096     1.5686     1.0466      90.18   1962.929    34.6699     4.8785    27.8348   1642.667    1477.02    1462.80 0.0000e+00
      47135   1667.000     0.1782   2.967100     1.5684     1.0466      52.57   1963.912    34.6699     4.8754    27.8348   1643.649    1477.03    1462.81 0.0000e+00
      47158   1668.000     0.1781   2.967125     1.5679     1.0491      98.37   1964.870    34.6698     4.8706    27.8348   1644.631    1477.05    1462.82 0.0000e+00
      47181   1669.000     0.1780   2.967170     1.5680     1.0479      46.50   1965.820    34.6699     4.8799    27.8349   1645.613    1477.07    1462.83 0.0000e+00
      47203   1670.000     0.1778   2.967192     1.5676     1.0479      98.31   1966.764    34.6699     4.8714    27.8349   1646.595    1477.08    1462.84 0.0000e+00
      47226   1671.000     0.1775   2.967213     1.5674     1.0467      98.68   1967.711    34.6700     4.8774    27.8350   1647.577    1477.10    1462.84 0.0000e+00
      47249   1672.000     0.1769   2.967195     1.5674     1.0466      98.68   1968.667    34.6699     4.8790    27.8349   1648.559    1477.11    1462.85 0.0000e+00
      47272   1673.000     0.1768   2.967229     1.5674     1.0466      98.68   1969.641    34.6699     4.8841    27.8349   1649.541    1477.13    1462.86 0.0000e+00
      47296   1674.000     0.1758   2.967184     1.5676     1.0466      98.68   1970.633    34.6699     4.8814    27.8349   1650.523    1477.14    1462.87 0.0000e+00
      47320   1675.000     0.1756   2.967193     1.5675     1.0466      98.68   1971.639    34.6698     4.8817    27.8349   1651.506    1477.15    1462.88 0.0000e+00
      47344   1676.000     0.1751   2.967203     1.5675     1.0466      98.68   1972.646    34.6698     4.8817    27.8350   1652.488    1477.17    1462.89 0.0000e+00
      47368   1677.000     0.1747   2.967204     1.5674     1.0470      87.12   1973.639    34.6698     4.8806    27.8350   1653.470    1477.18    1462.90 0.0000e+00
      47392   1678.000     0.1746   2.967229     1.5674     1.0751      41.76   1974.612    34.6698     4.8840    27.8349   1654.452    1477.20    1462.91 0.0000e+00
      47415   1679.000     0.1744   2.967263     1.5673     1.0505      86.13   1975.565    34.6699     4.8815    27.8351   1655.434    1477.22    1462.91 0.0000e+00
      47437   1680.000     0.1742   2.967280     1.5673     1.0466      98.72   1976.503    34.6697     4.8830    27.8350   1656.416    1477.23    1462.92 0.0000e+00
      47459   1681.000     0.1730   2.967216     1.5671     1.0639      98.68   1977.434    34.6697     4.8831    27.8350   1657.398    1477.24    1462.93 0.0000e+00
      47482   1682.000     0.1725   2.967226     1.5670     1.0603      98.68   1978.371    34.6698     4.8789    27.8351   1658.380    1477.26    1462.94 0.0000e+00
      47505   1683.000     0.1726   2.967270     1.5668     1.0284      98.68   1979.318    34.6697     4.8864    27.8350   1659.362    1477.28    1462.95 0.0000e+00
      47528   1684.000     0.1722   2.967276     1.5670     1.0502      87.71   1980.281    34.6697     4.8861    27.8350   1660.344    1477.29    1462.96 0.0000e+00
      47551   1685.000     0.1720   2.967294     1.5667     1.0768      39.16   1981.262    34.6696     4.8783    27.8350   1661.326    1477.31    1462.96 0.0000e+00
      47575   1686.000     0.1715   2.967291     1.5664     1.0494      92.39   1982.260    34.6697     4.8784    27.8351   1662.308    1477.32    1462.97 0.0000e+00
      47599   1687.000     0.1702   2.967214     1.5663     1.0466      98.62   1983.261    34.6695     4.8871    27.8350   1663.290    1477.33    1462.98 0.0000e+00
      47623   1688.000     0.1701   2.967248     1.5665     1.0478      98.68   1984.261    34.6696     4.8853    27.8351   1664.272    1477.35    1462.99 0.0000e+00
      47647   1689.000     0.1697   2.967257     1.5662     1.0467      98.68   1985.249    34.6696     4.8825    27.8351   1665.254    1477.36    1463.00 0.0000e+00
      47670   1690.000     0.1695   2.967274     1.5663     1.0491      98.68   1986.224    34.6696     4.8899    27.8351   1666.236    1477.38    1463.01 0.0000e+00
      47693   1691.000     0.1692   2.967289     1.5663     1.0466      98.68   1987.182    34.6695     4.8836    27.8351   1667.218    1477.39    1463.01 0.0000e+00
      47716   1692.000     0.1689   2.967305     1.5659     1.0466      98.68   1988.137    34.6695     4.8798    27.8351   1668.200    1477.41    1463.02 0.0000e+00
      47739   1693.000     0.1687   2.967333     1.5658     1.0479      76.67   1989.090    34.6695     4.8870    27.8351   1669.182    1477.42    1463.03 0.0000e+00
      47762   1694.000     0.1685   2.967354     1.5657     1.0483      96.04   1990.044    34.6695     4.8836    27.8351   1670.164    1477.44    1463.04 0.0000e+00
      47785   1695.000     0.1682   2.967375     1.5656     1.0767      98.68   1990.999    34.6695     4.8811    27.8352   1671.146    1477.46    1463.05 0.0000e+00
      47808   1696.000     0.1682   2.967413     1.5652     1.0759      98.68   1991.959    34.6696     4.8869    27.8352   1672.128    1477.47    1463.06 0.0000e+00
      47831   1697.000     0.1681   2.967445     1.5655     1.0539      98.68   1992.929    34.6695     4.8823    27.8352   1673.110    1477.49    1463.06 0.0000e+00
      47855   1698.000     0.1679   2.967461     1.5650     1.0650      98.68   1993.908    34.6695     4.8829    27.8351   1674.092    1477.50    1463.07 0.0000e+00
      47878   1699.000     0.1676   2.967486     1.5650     1.0613      98.68   1994.896    34.6696     4.8880    27.8352   1675.074    1477.52    1463.08 0.0000e+00
      47902   1700.000     0.1675   2.967509     1.5650     1.0468      74.81   1995.885    34.6695     4.8807    27.8352   1676.056    1477.54    1463.09 0.0000e+00
      47926   1701.000     0.1675   2.967557     1.5644     1.0466      98.27   1996.879    34.6695     4.8820    27.8352   1677.038    1477.55    1463.10 0.0000e+00
      47951   1702.000     0.1672   2.967570     1.5647     1.0478      98.68   1997.905    34.6695     4.8921    27.8352   1678.020    1477.57    1463.11 0.0000e+00
      47976   1703.000     0.1663   2.967542     1.5648     1.0571      98.68   1998.950    34.6696     4.8904    27.8353   1679.002    1477.58    1463.12 0.0000e+00
      48001   1704.000     0.1659   2.967533     1.5649     1.0710      98.68   1999.983    34.6694     4.8891    27.8352   1679.984    1477.60    1463.12 0.0000e+00
      48025   1705.000     0.1656   2.967551     1.5645     1.0479      98.68   2001.019    34.6694     4.8773    27.8352   1680.966    1477.61    1463.13 0.0000e+00
      48050   1706.000     0.1637   2.967430     1.5642     1.0501      84.40   2002.037    34.6694     4.8869    27.8353   1681.948    1477.62    1463.14 0.0000e+00
      48074   1707.000     0.1633   2.967432     1.5642     1.0750      87.88   2003.045    34.6694     4.8919    27.8353   1682.930    1477.64    1463.15 0.0000e+00
      48098   1708.000     0.1628   2.967432     1.5644     1.0495      97.21   2004.061    34.6693     4.8894    27.8353   1683.912    1477.65    1463.16 0.0000e+00
      48123   1709.000     0.1628   2.967458     1.5640     1.0478      56.36   2005.079    34.6692     4.8873    27.8352   1684.894    1477.67    1463.16 0.0000e+00
      48147   1710.000     0.1626   2.967488     1.5643     1.0725      99.06   2006.072    34.6692     4.8968    27.8353   1685.876    1477.68    1463.17 0.0000e+00
      48171   1711.000     0.1625   2.967526     1.5643     1.0563      98.68   2007.064    34.6693     4.8870    27.8353   1686.857    1477.70    1463.18 0.0000e+00
      48194   1712.000     0.1620   2.967527     1.5639     1.0673      98.68   2008.060    34.6693     4.8878    27.8354   1687.839    1477.71    1463.19 0.0000e+00
      48218   1713.000     0.1620   2.967557     1.5640     1.0600      98.68   2009.059    34.6692     4.8913    27.8353   1688.821    1477.73    1463.20 0.0000e+00
      48243   1714.000     0.1620   2.967600     1.5637     1.0465      98.68   2010.069    34.6692     4.8888    27.8353   1689.803    1477.75    1463.21 0.0000e+00
      48267   1715.000     0.1618   2.967633     1.5639     1.0384      66.16   2011.086    34.6693     4.8960    27.8354   1690.785    1477.76    1463.21 0.0000e+00
      48291   1716.000     0.1618   2.967674     1.5638     1.0332      81.57   2012.095    34.6693     4.8845    27.8354   1691.767    1477.78    1463.22 0.0000e+00
      48316   1717.000     0.1617   2.967710     1.5632     1.0479      98.74   2013.108    34.6693     4.8900    27.8354   1692.749    1477.80    1463.23 0.0000e+00
      48340   1718.000     0.1617   2.967749     1.5636     1.0466      98.65   2014.122    34.6693     4.8920    27.8354   1693.731    1477.81    1463.24 0.0000e+00
      48364   1719.000     0.1616   2.967776     1.5631     1.0490      90.53   2015.143    34.6693     4.8890    27.8354   1694.713    1477.83    1463.25 0.0000e+00
      48389   1720.000     0.1614   2.967800     1.5631     1.0462      55.54   2016.167    34.6693     4.8904    27.8354   1695.694    1477.84    1463.25 0.0000e+00
      48414   1721.000     0.1605   2.967759     1.5632     1.0259      98.23   2017.191    34.6692     4.8938    27.8354   1696.676    1477.86    1463.26 0.0000e+00
      48438   1722.000     0.1600   2.967750     1.5630     1.0466      46.41   2018.208    34.6691     4.8910    27.8353   1697.658    1477.87    1463.27 0.0000e+00
      48462   1723.000     0.1595   2.967761     1.5628     1.0470      97.74   2019.224    34.6693     4.8913    27.8355   1698.640    1477.88    1463.28 0.0000e+00
      48487   1724.000     0.1589   2.967735     1.5628     1.0467      98.68   2020.229    34.6691     4.8889    27.8354   1699.622    1477.90    1463.29 0.0000e+00
      48510   1725.000     0.1582   2.967720     1.5624     1.0696      98.68   2021.225    34.6691     4.8906    27.8355   1700.604    1477.91    1463.30 0.0000e+00
      48534   1726.000     0.1576   2.967704     1.5626     1.0581      98.68   2022.207    34.6690     4.8955    27.8354   1701.586    1477.93    1463.31 0.0000e+00
      48557   1727.000     0.1572   2.967721     1.5622     1.0479      98.68   2023.183    34.6692     4.8855    27.8356   1702.568    1477.94    1463.32 0.0000e+00
      48581   1728.000     0.1571   2.967745     1.5619     1.0478      98.68   2024.157    34.6691     4.8912    27.8355   1703.549    1477.96    1463.33 0.0000e+00
      48604   1729.000     0.1568   2.967759     1.5623     1.0478      98.68   2025.139    34.6690     4.9009    27.8355   1704.531    1477.97    1463.33 0.0000e+00
      48628   1730.000     0.1560   2.967724     1.5620     1.0478      98.68   2026.131    34.6690     4.8863    27.8355   1705.513    1477.99    1463.34 0.0000e+00
      48652   1731.000     0.1552   2.967699     1.5620     1.0466      98.68   2027.143    34.6690     4.8990    27.8356   1706.495    1478.00    1463.35 0.0000e+00
      48677   1732.000     0.1548   2.967713     1.5618     1.0490      98.68   2028.170    34.6690     4.8903    27.8356   1707.477    1478.02    1463.36 0.0000e+00
      48702   1733.000     0.1541   2.967690     1.5617     1.0753      98.68   2029.203    34.6690     4.8918    27.8356   1708.458    1478.03    1463.37 0.0000e+00
      48727   1734.000     0.1538   2.967695     1.5615     1.0470      73.75   2030.231    34.6689     4.8943    27.8355   1709.440    1478.04    1463.37 0.0000e+00
      48751   1735.000     0.1531   2.967696     1.5616     1.0466      98.74   2031.252    34.6691     4.8975    27.8358   1710.422    1478.06    1463.38 0.0000e+00
