tests/test_data/sbe_files/sbe911plus/kongsfjorden_ctds/Kb1_2_unbinned.cnv
* Sea-Bird SBE 9 Data File:
* FileName = C:\MOSJ_2016\hex\Kb1_2.hex
* Software Version Seasave V 7.21b
* Temperature SN = 2400
* Conductivity SN = 2056
* Number of Bytes Per Scan = 33
* Number of Voltage Words = 5
* Number of Scans Averaged by the Deck Unit = 1
* NMEA baud rate = 4800
** R/V Lance  - MOSJ 2016
** Station Kb1_2
** echodepth 384.4
** Latitude N 79 00.19
** Longitude E 011 25.25
# nquan = 22                                
# nvalues = 11453                       
# units = specified
# name 0 = prDM: Pressure, Digiquartz [db]
# name 1 = t090C: Temperature [ITS-90, deg C]
# name 2 = c0S/m: Conductivity [S/m]
# name 3 = flECO-AFL: Fluorescence, WET Labs ECO-AFL/FL [mg/m^3]
# name 4 = par: PAR/Irradiance, Biospherical/Licor
# name 5 = xmiss: Beam Transmission, Chelsea/Seatech [%]
# name 6 = scan: Scan Count
# name 7 = dz/dtM: Descent Rate [m/s]
# name 8 = t190C: Temperature, 2 [ITS-90, deg C]
# name 9 = c1S/m: Conductivity, 2 [S/m]
# name 10 = sbeox0V: Oxygen raw, SBE 43 [V]
# name 11 = flECO-AFL1: Fluorescence, WET Labs ECO-AFL/FL, 2 [mg/m^3]
# name 12 = bat: Beam Attenuation, Chelsea/Seatech [1/m]
# name 13 = spar: SPAR, Biospherical/Licor
# name 14 = v1: Voltage 1
# name 15 = v2: Voltage 2
# name 16 = v3: Voltage 3
# name 17 = v4: Voltage 4
# name 18 = sbox0Mm/Kg: Oxygen, SBE 43 [umol/kg], WS = 2
# name 19 = sal00: Salinity, Practical [PSU]
# name 20 = sal11: Salinity, Practical, 2 [PSU]
# name 21 = flag: flag
# span 0 =     -0.233,     69.098       
# span 1 =     4.0346,     8.2195       
# span 2 =   0.072240,   3.520768       
# span 3 =    -0.2167,     1.8534       
# span 4 = 1.0000e-12, 4.6768e+01       
# span 5 =     4.9707,    96.9207       
# span 6 =          1,      11453       
# span 7 =     -1.122,      1.231       
# span 8 =     3.7714,     7.9800       
# span 9 =   0.106548,   3.521017       
# span 10 =     1.1746,     1.3949      
# span 11 =    -0.4281,     6.5811      
# span 12 =     0.1251,    12.1504      
# span 13 = 5.1449e+01, 9.7230e+01      
# span 14 =     0.0012,     2.9804      
# span 15 =     0.2950,     4.4577      
# span 16 =     0.0050,     0.0932      
# span 17 =     0.0049,     0.1050      
# span 18 =     95.832,    131.974      
# span 19 =     0.5420,    34.8896      
# span 20 =     0.8162,    35.1505      
# span 21 = 0.0000e+00, 0.0000e+00      
# interval = seconds: 0.0416667
# start_time = Jul 26 2016 22:30:42 [System UTC, header]
# bad_flag = -9.990e-29
*END*
[from data line 3095]
     60.464     4.1041   3.255005     0.0609 7.8675e-03    96.3195       3096     -0.698     3.8425   3.254869     1.2764     0.8244     0.1500 6.2237e+01     0.0682     4.4305     0.0174     0.0228    105.400    34.8515    35.1297 0.0000e+00
     60.445     4.1042   3.254957     0.0615 7.3114e-03    96.3252       3097     -0.686     3.8418   3.254858     1.2768     0.7937     0.1498 6.1010e+01     0.0639     4.4308     0.0179     0.0223    105.437    34.8509    35.1303 0.0000e+00
     60.424     4.1038   3.254985     0.0612 6.0583e-03    96.3357       3098     -0.676     3.8418   3.254846     1.2769     0.7775     0.1493 6.5063e+01     0.0540     4.4312     0.0179     0.0221    105.438    34.8516    35.1302 0.0000e+00
     60.401     4.1034   3.254954     0.0602 4.3730e-03    96.3398       3099     -0.666     3.8422   3.254840     1.2766     0.7945     0.1492 6.7656e+01     0.0405     4.4314     0.0174     0.0224    105.392    34.8517    35.1297 0.0000e+00
     60.381     4.1039   3.254906     0.0593 3.2621e-03    96.3278       3100     -0.657     3.8429   3.254860     1.2766     0.8289     0.1497 6.7536e+01     0.0316     4.4309     0.0171     0.0229    105.398    34.8506    35.1292 0.0000e+00
     60.361     4.1038   3.254905     0.0591 2.9518e-03    96.3049       3101     -0.648     3.8436   3.254913     1.2766     0.8494     0.1506 7.1536e+01     0.0291     4.4299     0.0171     0.0232    105.415    34.8507    35.1291 0.0000e+00
     60.340     4.1038   3.254887     0.0596 2.9758e-03    96.2866       3102     -0.638     3.8443   3.254997     1.2769     0.8530     0.1514 7.8179e+01     0.0293     4.4291     0.0171     0.0232    105.474    34.8505    35.1293 0.0000e+00
     60.318     4.1036   3.254856     0.0608 3.1499e-03    96.2801       3103     -0.629     3.8452   3.255092     1.2769     0.8531     0.1517 8.1273e+01     0.0308     4.4288     0.0172     0.0232    105.489    34.8504    35.1295 0.0000e+00
     60.298     4.1038   3.254892     0.0628 3.7108e-03    96.2864       3104     -0.621     3.8464   3.255176     1.2767     0.8501     0.1514 8.1427e+01     0.0353     4.4290     0.0174     0.0231    105.473    34.8506    35.1293 0.0000e+00
     60.280     4.1057   3.254988     0.0653 4.6598e-03    96.3037       3105     -0.613     3.8476   3.255246     1.2769     0.8332     0.1506 7.5577e+01     0.0430     4.4298     0.0177     0.0229    105.503    34.8497    35.1288 0.0000e+00
     60.262     4.1060   3.255067     0.0678 5.3196e-03    96.3212       3106     -0.605     3.8486   3.255301     1.2772     0.8188     0.1499 6.9226e+01     0.0483     4.4306     0.0177     0.0227    105.553    34.8504    35.1284 0.0000e+00
     60.243     4.1060   3.255109     0.0705 4.8905e-03    96.3287       3107     -0.596     3.8494   3.255334     1.2772     0.8326     0.1496 6.6010e+01     0.0448     4.4309     0.0177     0.0229    105.561    34.8509    35.1279 0.0000e+00
     60.223     4.1066   3.255123     0.0736 3.4500e-03    96.3287       3108     -0.588     3.8496   3.255329     1.2772     0.8465     0.1496 6.4865e+01     0.0330     4.4309     0.0177     0.0231    105.560    34.8504    35.1277 0.0000e+00
     60.203     4.1065   3.255171     0.0774 2.1922e-03    96.3212       3109     -0.580     3.8493   3.255287     1.2772     0.8326     0.1499 6.8804e+01     0.0227     4.4306     0.0180     0.0229    105.552    34.8511    35.1275 0.0000e+00
     60.182     4.1060   3.255115     0.0816 2.0762e-03    96.3034       3110     -0.571     3.8486   3.255232     1.2772     0.8186     0.1507 7.2487e+01     0.0218     4.4298     0.0180     0.0227    105.542    34.8510    35.1276 0.0000e+00
     60.161     4.1048   3.254995     0.0865 2.9403e-03    96.2845       3111     -0.563     3.8475   3.255184     1.2772     0.8325     0.1515 7.6895e+01     0.0290     4.4289     0.0178     0.0229    105.529    34.8508    35.1282 0.0000e+00
     60.139     4.1039   3.254895     0.0932 3.9202e-03    96.2692       3112     -0.556     3.8463   3.255138     1.2772     0.8463     0.1521 8.0249e+01     0.0371     4.4283     0.0181     0.0231    105.518    34.8506    35.1290 0.0000e+00
     60.117     4.1038   3.254840     0.1015 4.5450e-03    96.2515       3113     -0.549     3.8456   3.255105     1.2772     0.8318     0.1528 7.3212e+01     0.0421     4.4274     0.0187     0.0229    105.506    34.8501    35.1294 0.0000e+00
     60.094     4.1034   3.254814     0.1109 5.0462e-03    96.2402       3114     -0.542     3.8453   3.255108     1.2771     0.8142     0.1533 6.7778e+01     0.0462     4.4269     0.0196     0.0226    105.476    34.8502    35.1297 0.0000e+00
     60.072     4.1028   3.254788     0.1205 5.4431e-03    96.2438       3115     -0.538     3.8458   3.255137     1.2769     0.8080     0.1531 7.6462e+01     0.0493     4.4271     0.0207     0.0225    105.437    34.8506    35.1296 0.0000e+00
     60.050     4.1030   3.254801     0.1287 5.3570e-03    96.2503       3116     -0.533     3.8467   3.255157     1.2767     0.7900     0.1529 8.7945e+01     0.0487     4.4274     0.0215     0.0223    105.395    34.8505    35.1288 0.0000e+00
     60.028     4.1026   3.254841     0.1344 4.6074e-03    96.2592       3117     -0.528     3.8476   3.255152     1.2769     0.7725     0.1525 8.8591e+01     0.0426     4.4278     0.0216     0.0220    105.407    34.8514    35.1278 0.0000e+00
     60.005     4.1031   3.254891     0.1381 3.6573e-03    96.2782       3118     -0.523     3.8477   3.255110     1.2771     0.7699     0.1518 8.4443e+01     0.0349     4.4287     0.0212     0.0220    105.414    34.8515    35.1272 0.0000e+00
     59.981     4.1038   3.254923     0.1412 3.1748e-03    96.3025       3119     -0.519     3.8468   3.255037     1.2768     0.7725     0.1507 8.5532e+01     0.0309     4.4297     0.0211     0.0221    105.349    34.8511    35.1273 0.0000e+00
     59.957     4.1044   3.254936     0.1440 3.3084e-03    96.3225       3120     -0.516     3.8451   3.254960     1.2763     0.7900     0.1499 8.4990e+01     0.0321     4.4306     0.0214     0.0223    105.252    34.8507    35.1283 0.0000e+00
     59.932     4.1052   3.254963     0.1460 3.7278e-03    96.3369       3121     -0.513     3.8434   3.254899     1.2761     0.8080     0.1493 7.7159e+01     0.0355     4.4313     0.0214     0.0226    105.202    34.8502    35.1294 0.0000e+00
     59.908     4.1055   3.254994     0.1475 4.0590e-03    96.3493       3122     -0.510     3.8423   3.254861     1.2761     0.8142     0.1487 7.4719e+01     0.0382     4.4319     0.0216     0.0227    105.190    34.8502    35.1301 0.0000e+00
     59.885     4.1051   3.255035     0.1481 4.2847e-03    96.3560       3123     -0.508     3.8415   3.254839     1.2764     0.8316     0.1484 8.4958e+01     0.0401     4.4322     0.0216     0.0229    105.226    34.8511    35.1307 0.0000e+00
     59.860     4.1055   3.255072     0.1477 4.5446e-03    96.3567       3124     -0.507     3.8411   3.254823     1.2769     0.8456     0.1484 9.3250e+01     0.0421     4.4322     0.0212     0.0231    105.287    34.8512    35.1310 0.0000e+00
     59.834     4.1060   3.255115     0.1474 4.8215e-03    96.3540       3125     -0.507     3.8410   3.254814     1.2772     0.8288     0.1485 8.8630e+01     0.0444     4.4320     0.0211     0.0229    105.316    34.8512    35.1310 0.0000e+00
     59.808     4.1065   3.255092     0.1473 5.2999e-03    96.3377       3126     -0.507     3.8413   3.254821     1.2772     0.7981     0.1492 7.7548e+01     0.0482     4.4313     0.0213     0.0224    105.300    34.8504    35.1308 0.0000e+00
     59.781     4.1071   3.255105     0.1468 6.0418e-03    96.2974       3127     -0.507     3.8418   3.254837     1.2772     0.7982     0.1509 7.3308e+01     0.0540     4.4295     0.0211     0.0224    105.289    34.8499    35.1304 0.0000e+00
     59.753     4.1076   3.255094     0.1463 6.4932e-03    96.2590       3128     -0.508     3.8421   3.254840     1.2772     0.8295     0.1525 8.0130e+01     0.0576     4.4278     0.0211     0.0229    105.281    34.8493    35.1302 0.0000e+00
     59.725     4.1081   3.255095     0.1460 6.0152e-03    96.2549       3129     -0.510     3.8418   3.254811     1.2772     0.8495     0.1527 8.8857e+01     0.0537     4.4276     0.0213     0.0232    105.275    34.8488    35.1302 0.0000e+00
     59.698     4.1077   3.255064     0.1450 4.6934e-03    96.2699       3130     -0.512     3.8408   3.254750     1.2772     0.8530     0.1521 9.1966e+01     0.0432     4.4283     0.0211     0.0232    105.281    34.8488    35.1305 0.0000e+00
     59.672     4.1078   3.255058     0.1441 3.4575e-03    96.2849       3131     -0.514     3.8396   3.254677     1.2772     0.8530     0.1515 8.8302e+01     0.0332     4.4290     0.0208     0.0232    105.294    34.8487    35.1309 0.0000e+00
     59.643     4.1072   3.255098     0.1436 2.7768e-03    96.3054       3132     -0.516     3.8390   3.254617     1.2771     0.8500     0.1506 8.4228e+01     0.0277     4.4299     0.0208     0.0231    105.290    34.8498    35.1309 0.0000e+00
     59.613     4.1071   3.255079     0.1435 2.3218e-03    96.3320       3133     -0.519     3.8386   3.254581     1.2768     0.8324     0.1495 8.4585e+01     0.0238     4.4311     0.0209     0.0229    105.262    34.8497    35.1309 0.0000e+00
     59.582     4.1074   3.255036     0.1439 2.0241e-03    96.3639       3134     -0.524     3.8379   3.254592     1.2764     0.8145     0.1481 8.5244e+01     0.0213     4.4325     0.0211     0.0226    105.220    34.8489    35.1318 0.0000e+00
     59.551     4.1068   3.255004     0.1441 2.2589e-03    96.3937       3135     -0.529     3.8378   3.254688     1.2763     0.8087     0.1469 8.3203e+01     0.0233     4.4339     0.0213     0.0226    105.216    34.8492    35.1331 0.0000e+00
     59.521     4.1055   3.254922     0.1437 3.2171e-03    96.4070       3136     -0.533     3.8393   3.254879     1.2765     0.7937     0.1464 7.6312e+01     0.0312     4.4345     0.0211     0.0223    105.256    34.8496    35.1338 0.0000e+00
     59.490     4.1039   3.254923     0.1430 4.3582e-03    96.4031       3137     -0.538     3.8420   3.255143     1.2763     0.7930     0.1466 7.1657e+01     0.0406     4.4343     0.0208     0.0223    105.236    34.8513    35.1340 0.0000e+00
     59.459     4.1036   3.254971     0.1428 5.2259e-03    96.3924       3138     -0.544     3.8456   3.255465     1.2763     0.8043     0.1470 7.3736e+01     0.0475     4.4338     0.0208     0.0225    105.241    34.8522    35.1340 0.0000e+00
     59.426     4.1046   3.255076     0.1429 6.0877e-03    96.3860       3139     -0.552     3.8499   3.255851     1.2765     0.7900     0.1473 7.9373e+01     0.0543     4.4335     0.0209     0.0223    105.273    34.8524    35.1341 0.0000e+00
     59.394     4.1071   3.255289     0.1435 6.9730e-03    96.3849       3140     -0.559     3.8547   3.256293     1.2763     0.7761     0.1473 8.2276e+01     0.0612     4.4335     0.0211     0.0221    105.238    34.8523    35.1342 0.0000e+00
     59.361     4.1114   3.255786     0.1438 7.6757e-03    96.3846       3141     -0.565     3.8601   3.256861     1.2763     0.7907     0.1473 7.6876e+01     0.0666     4.4335     0.0213     0.0223    105.223    34.8537    35.1352 0.0000e+00
     59.328     4.1216   3.256821     0.1435 8.4477e-03    96.3846       3142     -0.571     3.8683   3.257637     1.2765     0.8082     0.1473 7.5812e+01     0.0724     4.4335     0.0211     0.0226    105.225    34.8551    35.1357 0.0000e+00
     59.295     4.1319   3.257583     0.1430 9.2949e-03    96.3843       3143     -0.579     3.8793   3.258436     1.2763     0.8144     0.1473 8.2403e+01     0.0788     4.4335     0.0208     0.0227    105.177    34.8532    35.1334 0.0000e+00
     59.261     4.1369   3.257748     0.1428 9.5599e-03    96.3832       3144     -0.588     3.8896   3.259003     1.2760     0.8325     0.1474 8.6624e+01     0.0808     4.4334     0.0208     0.0229    105.126    34.8499    35.1291 0.0000e+00
     59.228     4.1380   3.258060     0.1430 8.6985e-03    96.3767       3145     -0.596     3.8959   3.259305     1.2760     0.8500     0.1476 8.2368e+01     0.0743     4.4331     0.0209     0.0232    105.123    34.8525    35.1260 0.0000e+00
     59.194     4.1459   3.259284     0.1436 7.1364e-03    96.3661       3146     -0.603     3.8977   3.259324     1.2761     0.8532     0.1481 7.1977e+01     0.0624     4.4326     0.0211     0.0232    105.113    34.8586    35.1243 0.0000e+00
     59.160     4.1606   3.260811     0.1441 6.0908e-03    96.3622       3147     -0.610     3.8957   3.259074     1.2763     0.8538     0.1482 6.9511e+01     0.0544     4.4324     0.0213     0.0232    105.100    34.8611    35.1235 0.0000e+00
     59.125     4.1757   3.262024     0.1439 6.2492e-03    96.3755       3148     -0.619     3.8937   3.258908     1.2765     0.8538     0.1477 7.6701e+01     0.0556     4.4330     0.0211     0.0232    105.093    34.8595    35.1237 0.0000e+00
     59.088     4.1884   3.263260     0.1435 7.1769e-03    96.4051       3149     -0.628     3.8964   3.259317     1.2763     0.8531     0.1465 8.0295e+01     0.0628     4.4344     0.0208     0.0232    105.044    34.8607    35.1257 0.0000e+00
     59.052     4.2032   3.264331     0.1435 8.0748e-03    96.4359       3150     -0.638     3.9061   3.260317     1.2760     0.8495     0.1452 7.5484e+01     0.0697     4.4358     0.0208     0.0231    104.984    34.8577    35.1272 0.0000e+00
     59.016     4.2141   3.264724     0.1440 9.0300e-03    96.4570       3151     -0.647     3.9185   3.261402     1.2760     0.8295     0.1443 6.9824e+01     0.0767     4.4367     0.0209     0.0229    104.979    34.8508    35.1269 0.0000e+00
     58.979     4.2162   3.264393     0.1450 1.0393e-02    96.4717       3152     -0.657     3.9284   3.262121     1.2761     0.7981     0.1437 7.3168e+01     0.0867     4.4374     0.0211     0.0224    105.012    34.8447    35.1249 0.0000e+00
     58.941     4.2130   3.264054     0.1459 1.1503e-02    96.4842       3153     -0.668     3.9343   3.262424     1.2764     0.7976     0.1431 8.5233e+01     0.0948     4.4380     0.0213     0.0224    105.083    34.8441    35.1222 0.0000e+00
     58.903     4.2140   3.264171     0.1462 1.1628e-02    96.4908       3154     -0.679     3.9371   3.262502     1.2768     0.8258     0.1429 9.2734e+01     0.0957     4.4382     0.0211     0.0228    105.155    34.8444    35.1201 0.0000e+00
     58.868     4.2172   3.264347     0.1466 1.0917e-02    96.4911       3155     -0.688     3.9387   3.262538     1.2769     0.8287     0.1429 9.2681e+01     0.0906     4.4382     0.0211     0.0229    105.181    34.8431    35.1188 0.0000e+00
     58.831     4.2193   3.264570     0.1471 1.0046e-02    96.4860       3156     -0.697     3.9405   3.262700     1.2767     0.8174     0.1431 8.8512e+01     0.0843     4.4380     0.0213     0.0227    105.169    34.8435    35.1189 0.0000e+00
     58.794     4.2228   3.264856     0.1472 9.0823e-03    96.4817       3157     -0.707     3.9444   3.263137     1.2769     0.8293     0.1432 8.4718e+01     0.0772     4.4378     0.0211     0.0229    105.211    34.8432    35.1199 0.0000e+00
     58.758     4.2242   3.264931     0.1473 7.6551e-03    96.4874       3158     -0.716     3.9501   3.263753     1.2769     0.8293     0.1430 8.7184e+01     0.0664     4.4381     0.0211     0.0229    105.230    34.8427    35.1212 0.0000e+00
     58.723     4.2256   3.265134     0.1476 6.3076e-03    96.4995       3159     -0.725     3.9563   3.264287     1.2766     0.8175     0.1425 8.5073e+01     0.0561     4.4386     0.0213     0.0227    105.199    34.8436    35.1209 0.0000e+00
     58.689     4.2300   3.265259     0.1475 5.9414e-03    96.5127       3160     -0.734     3.9615   3.264616     1.2766     0.8292     0.1420 7.4161e+01     0.0532     4.4393     0.0211     0.0229    105.207    34.8404    35.1193 0.0000e+00
