tests/test_data/sbe_files/sbe911plus/kongsfjorden_ctds/Kb1_2_unbinned.cnv
* Sea-Bird SBE 9 Data File:
* FileName = C:\MOSJ_2016\hex\Kb1_2.hex
* Software Version Seasave V 7.21b
* Temperature SN = 2400
* Conductivity SN = 2056
* Number of Bytes Per Scan = 33
* Number of Voltage Words = 5
* Number of Scans Averaged by the Deck Unit = 1
* NMEA baud rate = 4800
** R/V Lance  - MOSJ 2016
** Station Kb1_2
** echodepth 384.4
** Latitude N 79 00.19
** Longitude E 011 25.25
# nquan = 22                                
# nvalues = 11453                       
# units = specified
# name 0 = prDM: Pressure, Digiquartz [db]
# name 1 = t090C: Temperature [ITS-90, deg C]
# name 2 = c0S/m: Conductivity [S/m]
# name 3 = flECO-AFL: Fluorescence, WET Labs ECO-AFL/FL [mg/m^3]
# name 4 = par: PAR/Irradiance, Biospherical/Licor
# name 5 = xmiss: Beam Transmission, Chelsea/Seatech [%]
# name 6 = scan: Scan Count
# name 7 = dz/dtM: Descent Rate [m/s]
# name 8 = t190C: Temperature, 2 [ITS-90, deg C]
# name 9 = c1S/m: Conductivity, 2 [S/m]
# name 10 = sbeox0V: Oxygen raw, SBE 43 [V]
# name 11 = flECO-AFL1: Fluorescence, WET Labs ECO-AFL/FL, 2 [mg/m^3]
# name 12 = bat: Beam Attenuation, Chelsea/Seatech [1/m]
# name 13 = spar: SPAR, Biospherical/Licor
# name 14 = v1: Voltage 1
# name 15 = v2: Voltage 2
# name 16 = v3: Voltage 3
# name 17 = v4: Voltage 4
# name 18 = sbox0Mm/Kg: Oxygen, SBE 43 [umol/kg], WS = 2
# name 19 = sal00: Salinity, Practical [PSU]
# name 20 = sal11: Salinity, Practical, 2 [PSU]
# name 21 = flag: flag
# span 0 =     -0.233,     69.098       
# span 1 =     4.0346,     8.2195       
# span 2 =   0.072240,   3.520768       
# span 3 =    -0.2167,     1.8534       
# span 4 = 1.0000e-12, 4.6768e+01       
# span 5 =     4.9707,    96.9207       
# span 6 =          1,      11453       
# span 7 =     -1.122,      1.231       
# span 8 =     3.7714,     7.9800       
# span 9 =   0.106548,   3.521017       
# span 10 =     1.1746,     1.3949      
# span 11 =    -0.4281,     6.5811      
# span 12 =     0.1251,    12.1504      
# span 13 = 5.1449e+01, 9.7230e+01      
# span 14 =     0.0012,     2.9804      
# span 15 =     0.2950,     4.4577      
# span 16 =     0.0050,     0.0932      
# span 17 =     0.0049,     0.1050      
# span 18 =     95.832,    131.974      
# span 19 =     0.5420,    34.8896      
# span 20 =     0.8162,    35.1505      
# span 21 = 0.0000e+00, 0.0000e+00      
# interval = seconds: 0.0416667
# start_time = Jul 26 2016 22:30:42 [System UTC, header]
# bad_flag = -9.990e-29
*END*
[from data line 7177]
     17.239     6.7314   3.427978     0.8462 2.3533e+00    93.2386       7178      0.178     6.4794   3.427051     1.3517     0.7676     0.2800 5.9231e+01     1.6914     4.2910     0.0497     0.0220    108.197    34.1519    34.3943 -9.990e-29
     17.236     6.7306   3.427796     0.8425 2.3497e+00    93.2575       7179      0.177     6.4785   3.426931     1.3517     0.7641     0.2792 6.3960e+01     1.6907     4.2919     0.0497     0.0219    108.190    34.1507    34.3939 -9.990e-29
     17.232     6.7288   3.427426     0.8394 2.3450e+00    93.2818       7180      0.175     6.4773   3.426771     1.3517     0.7441     0.2782 7.4046e+01     1.6899     4.2930     0.0495     0.0217    108.182    34.1484    34.3933 -9.990e-29
     17.225     6.7264   3.427146     0.8374 2.3409e+00    93.3017       7181      0.173     6.4762   3.426671     1.3517     0.7128     0.2773 8.5205e+01     1.6891     4.2939     0.0497     0.0212    108.179    34.1477    34.3933 -9.990e-29
     17.218     6.7293   3.427445     0.8356 2.3406e+00    93.3164       7182      0.169     6.4757   3.426670     1.3516     0.7128     0.2767 8.4417e+01     1.6891     4.2946     0.0497     0.0212    108.154    34.1481    34.3938 -9.990e-29
     17.209     6.7327   3.427499     0.8339 2.3430e+00    93.3300       7183      0.164     6.4755   3.426702     1.3514     0.7441     0.2761 7.6024e+01     1.6896     4.2952     0.0492     0.0217    108.120    34.1453    34.3944 -9.990e-29
     17.199     6.7278   3.427088     0.8333 2.3446e+00    93.3433       7184      0.157     6.4753   3.426689     1.3512     0.7639     0.2755 7.2436e+01     1.6899     4.2958     0.0493     0.0220    108.099    34.1456    34.3945 -9.990e-29
     17.188     6.7236   3.426990     0.8339 2.3452e+00    93.3556       7185      0.150     6.4750   3.426609     1.3514     0.7669     0.2750 7.3025e+01     1.6900     4.2964     0.0497     0.0220    108.114    34.1488    34.3939 -9.990e-29
     17.176     6.7260   3.427418     0.8344 2.3467e+00    93.3622       7186      0.141     6.4744   3.426457     1.3514     0.7639     0.2748 7.6343e+01     1.6902     4.2966     0.0498     0.0219    108.084    34.1511    34.3928 -9.990e-29
     17.162     6.7294   3.427861     0.8349 2.3485e+00    93.3622       7187      0.132     6.4734   3.426245     1.3512     0.7440     0.2748 7.8376e+01     1.6905     4.2966     0.0498     0.0217    108.032    34.1526    34.3914 -9.990e-29
     17.148     6.7309   3.428107     0.8354 2.3509e+00    93.3558       7188      0.123     6.4721   3.426031     1.3514     0.7127     0.2751 7.3956e+01     1.6910     4.2963     0.0500     0.0212    108.044    34.1539    34.3904 -9.990e-29
     17.134     6.7306   3.428248     0.8355 2.3568e+00    93.3442       7189      0.112     6.4709   3.425891     1.3517     0.7127     0.2755 7.0275e+01     1.6920     4.2958     0.0498     0.0212    108.073    34.1557    34.3900 -9.990e-29
     17.119     6.7316   3.428512     0.8357 2.3630e+00    93.3349       7190      0.101     6.4702   3.425884     1.3517     0.7434     0.2759 6.9998e+01     1.6931     4.2954     0.0498     0.0217    108.062    34.1577    34.3907 -9.990e-29
     17.104     6.7342   3.428481     0.8361 2.3671e+00    93.3181       7191      0.087     6.4701   3.425993     1.3517     0.7603     0.2766 6.8450e+01     1.6938     4.2946     0.0497     0.0219    108.062    34.1547    34.3920 -9.990e-29
     17.089     6.7306   3.427672     0.8365 2.3720e+00    93.2813       7192      0.073     6.4704   3.426102     1.3517     0.7469     0.2782 7.0786e+01     1.6947     4.2930     0.0495     0.0217    108.084    34.1494    34.3929 -9.990e-29
     17.072     6.7243   3.426677     0.8378 2.3768e+00    93.2382       7193      0.058     6.4705   3.426140     1.3517     0.7325     0.2800 7.6607e+01     1.6956     4.2910     0.0495     0.0215    108.109    34.1447    34.3932 0.0000e+00
     17.056     6.7199   3.426076     0.8399 2.3808e+00    93.2040       7194      0.043     6.4705   3.426183     1.3517     0.7432     0.2815 8.0303e+01     1.6964     4.2895     0.0496     0.0216    108.124    34.1424    34.3937 0.0000e+00
     17.040     6.7171   3.425765     0.8430 2.3861e+00    93.1771       7195      0.029     6.4709   3.426331     1.3516     0.7394     0.2827 8.1090e+01     1.6973     4.2883     0.0499     0.0216    108.125    34.1418    34.3950 0.0000e+00
     17.022     6.7156   3.425725     0.8468 2.3927e+00    93.1575       7196      0.013     6.4717   3.426515     1.3514     0.7068     0.2835 7.4616e+01     1.6984     4.2874     0.0504     0.0211    108.114    34.1428    34.3962 0.0000e+00
     17.003     6.7163   3.425850     0.8505 2.3998e+00    93.1481       7197     -0.005     6.4721   3.426519     1.3511     0.6829     0.2839 7.1341e+01     1.6997     4.2869     0.0507     0.0208    108.097    34.1435    34.3959 0.0000e+00
     16.984     6.7173   3.426008     0.8537 2.4083e+00    93.1387       7198     -0.022     6.4714   3.426251     1.3510     0.6586     0.2843 7.3618e+01     1.7012     4.2865     0.0508     0.0204    108.107    34.1443    34.3936 0.0000e+00
     16.964     6.7184   3.426147     0.8567 2.4179e+00    93.1197       7199     -0.040     6.4702   3.425863     1.3508     0.6230     0.2851 6.9916e+01     1.7029     4.2856     0.0510     0.0199    108.096    34.1447    34.3905 0.0000e+00
     16.943     6.7175   3.425780     0.8592 2.4254e+00    93.0956       7200     -0.058     6.4692   3.425550     1.3505     0.6028     0.2862 6.6459e+01     1.7042     4.2846     0.0513     0.0196    108.078    34.1416    34.3880 0.0000e+00
     16.923     6.7150   3.425358     0.8607 2.4332e+00    93.0770       7201     -0.077     6.4687   3.425375     1.3505     0.6022     0.2870 6.3105e+01     1.7056     4.2838     0.0513     0.0196    108.110    34.1394    34.3866 0.0000e+00
     16.903     6.7142   3.425245     0.8615 2.4440e+00    93.0698       7202     -0.097     6.4688   3.425289     1.3505     0.6190     0.2873 5.8279e+01     1.7075     4.2834     0.0511     0.0198    108.134    34.1390    34.3856 0.0000e+00
     16.882     6.7145   3.425165     0.8621 2.4528e+00    93.0723       7203     -0.115     6.4692   3.425216     1.3506     0.6363     0.2872 5.9481e+01     1.7090     4.2835     0.0511     0.0201    108.167    34.1378    34.3844 0.0000e+00
     16.860     6.7153   3.425075     0.8626 2.4595e+00    93.0686       7204     -0.133     6.4699   3.425132     1.3508     0.6390     0.2873 6.7547e+01     1.7101     4.2834     0.0515     0.0201    108.215    34.1360    34.3827 0.0000e+00
     16.838     6.7167   3.424968     0.8618 2.4694e+00    93.0451       7205     -0.152     6.4707   3.425041     1.3511     0.6371     0.2883 7.4313e+01     1.7118     4.2823     0.0515     0.0201    108.273    34.1334    34.3809 0.0000e+00
     16.816     6.7173   3.424846     0.8598 2.4797e+00    93.0145       7206     -0.172     6.4714   3.424930     1.3511     0.6233     0.2896 7.0407e+01     1.7137     4.2809     0.0510     0.0199    108.290    34.1315    34.3790 0.0000e+00
     16.794     6.7181   3.424730     0.8576 2.4893e+00    92.9885       7207     -0.192     6.4721   3.424816     1.3513     0.6258     0.2908 6.1300e+01     1.7153     4.2797     0.0504     0.0199    108.325    34.1294    34.3770 0.0000e+00
     16.772     6.7186   3.424652     0.8560 2.5008e+00    92.9710       7208     -0.212     6.4725   3.424712     1.3513     0.6541     0.2915 5.8559e+01     1.7172     4.2790     0.0502     0.0204    108.329    34.1281    34.3755 0.0000e+00
     16.750     6.7183   3.424446     0.8555 2.5101e+00    92.9721       7209     -0.230     6.4724   3.424592     1.3508     0.6541     0.2915 6.2889e+01     1.7188     4.2790     0.0504     0.0204    108.270    34.1261    34.3742 0.0000e+00
     16.727     6.7171   3.424127     0.8556 2.5187e+00    92.9959       7210     -0.249     6.4719   3.424425     1.3506     0.6257     0.2905 7.2221e+01     1.7203     4.2800     0.0507     0.0199    108.253    34.1238    34.3729 0.0000e+00
     16.704     6.7155   3.423783     0.8556 2.5318e+00    93.0304       7211     -0.268     6.4709   3.424202     1.3508     0.6227     0.2890 8.3111e+01     1.7225     4.2816     0.0507     0.0199    108.284    34.1216    34.3714 0.0000e+00
     16.683     6.7136   3.423487     0.8556 2.5442e+00    93.0535       7212     -0.287     6.4694   3.423942     1.3511     0.6341     0.2880 8.1533e+01     1.7246     4.2827     0.0509     0.0201    108.325    34.1202    34.3700 0.0000e+00
     16.661     6.7119   3.423291     0.8550 2.5547e+00    93.0507       7213     -0.303     6.4676   3.423680     1.3512     0.6228     0.2881 6.8886e+01     1.7263     4.2825     0.0509     0.0199    108.340    34.1197    34.3689 0.0000e+00
     16.638     6.7106   3.423120     0.8537 2.5685e+00    93.0365       7214     -0.318     6.4659   3.423437     1.3514     0.6264     0.2887 5.9925e+01     1.7286     4.2819     0.0504     0.0200    108.368    34.1192    34.3680 0.0000e+00
     16.615     6.7090   3.422955     0.8528 2.5823e+00    93.0333       7215     -0.334     6.4642   3.423197     1.3517     0.6577     0.2889 5.9482e+01     1.7309     4.2818     0.0502     0.0205    108.406    34.1189    34.3670 0.0000e+00
     16.591     6.7080   3.422773     0.8527 2.5928e+00    93.0297       7216     -0.351     6.4624   3.422935     1.3517     0.6747     0.2891 6.5909e+01     1.7327     4.2816     0.0502     0.0207    108.404    34.1179    34.3659 0.0000e+00
     16.568     6.7066   3.422503     0.8536 2.6043e+00    93.0119       7217     -0.366     6.4605   3.422673     1.3517     0.6609     0.2898 7.0392e+01     1.7345     4.2808     0.0505     0.0205    108.400    34.1163    34.3649 0.0000e+00
     16.546     6.7045   3.422300     0.8548 2.6182e+00    92.9894       7218     -0.382     6.4586   3.422459     1.3517     0.6441     0.2908 7.1438e+01     1.7368     4.2797     0.0510     0.0202    108.397    34.1162    34.3645 0.0000e+00
     16.526     6.7037   3.422180     0.8553 2.6300e+00    92.9783       7219     -0.396     6.4569   3.422281     1.3518     0.6415     0.2912 7.6577e+01     1.7387     4.2792     0.0512     0.0202    108.407    34.1157    34.3642 0.0000e+00
     16.509     6.7025   3.422078     0.8547 2.6419e+00    92.9880       7220     -0.408     6.4554   3.422097     1.3520     0.6436     0.2908 8.4940e+01     1.7406     4.2797     0.0512     0.0202    108.429    34.1158    34.3637 0.0000e+00
     16.489     6.7009   3.421845     0.8527 2.6559e+00    93.0041       7221     -0.418     6.4538   3.421881     1.3525     0.6579     0.2901 8.4007e+01     1.7429     4.2804     0.0509     0.0204    108.489    34.1148    34.3629 0.0000e+00
     16.468     6.6991   3.421432     0.8499 2.6679e+00    93.0110       7222     -0.428     6.4520   3.421618     1.3525     0.6585     0.2898 7.3943e+01     1.7448     4.2807     0.0504     0.0204    108.487    34.1120    34.3618 0.0000e+00
     16.446     6.6954   3.420828     0.8472 2.6799e+00    93.0095       7223     -0.438     6.4501   3.421324     1.3521     0.6474     0.2898 7.0031e+01     1.7467     4.2806     0.0501     0.0203    108.437    34.1090    34.3604 0.0000e+00
     16.425     6.6920   3.420417     0.8450 2.6940e+00    92.9939       7224     -0.447     6.4480   3.421028     1.3520     0.6630     0.2905 7.5892e+01     1.7490     4.2799     0.0501     0.0205    108.414    34.1079    34.3592 0.0000e+00
     16.404     6.6902   3.420178     0.8430 2.7056e+00    92.9561       7225     -0.457     6.4459   3.420762     1.3523     0.6838     0.2921 8.0606e+01     1.7508     4.2782     0.0501     0.0208    108.429    34.1070    34.3584 0.0000e+00
     16.385     6.6897   3.420034     0.8412 2.7143e+00    92.9066       7226     -0.466     6.4440   3.420554     1.3524     0.7075     0.2943 7.6253e+01     1.7522     4.2760     0.0501     0.0212    108.415    34.1059    34.3580 0.0000e+00
     16.366     6.6892   3.420070     0.8393 2.7239e+00    92.8616       7227     -0.473     6.4430   3.420451     1.3526     0.7431     0.2963 7.0280e+01     1.7537     4.2739     0.0500     0.0217    108.412    34.1068    34.3579 0.0000e+00
     16.346     6.6905   3.420218     0.8372 2.7334e+00    92.8294       7228     -0.479     6.4437   3.420481     1.3528     0.7633     0.2976 7.1371e+01     1.7551     4.2725     0.0498     0.0219    108.407    34.1072    34.3575 0.0000e+00
     16.327     6.6918   3.420463     0.8354 2.7421e+00    92.8155       7229     -0.485     6.4458   3.420582     1.3528     0.7639     0.2982 7.4489e+01     1.7565     4.2719     0.0496     0.0219    108.377    34.1086    34.3565 0.0000e+00
     16.308     6.6946   3.420836     0.8342 2.7532e+00    92.8181       7230     -0.489     6.4477   3.420661     1.3525     0.7475     0.2981 7.4871e+01     1.7582     4.2720     0.0497     0.0217    108.310    34.1100    34.3555 0.0000e+00
     16.290     6.7003   3.421335     0.8331 2.7645e+00    92.8219       7231     -0.494     6.4487   3.420687     1.3521     0.7327     0.2979 7.3943e+01     1.7600     4.2722     0.0497     0.0215    108.223    34.1098    34.3548 0.0000e+00
     16.274     6.7041   3.421718     0.8319 2.7737e+00    92.8161       7232     -0.498     6.4492   3.420669     1.3520     0.7439     0.2982 6.8244e+01     1.7614     4.2719     0.0495     0.0217    108.184    34.1103    34.3541 0.0000e+00
     16.261     6.7107   3.422257     0.8310 2.7853e+00    92.8043       7233     -0.499     6.4496   3.420641     1.3522     0.7434     0.2987 6.7481e+01     1.7632     4.2714     0.0494     0.0217    108.177    34.1097    34.3534 0.0000e+00
     16.246     6.7171   3.422714     0.8305 2.7982e+00    92.7925       7234     -0.500     6.4503   3.420664     1.3520     0.7290     0.2993 7.2448e+01     1.7652     4.2708     0.0492     0.0214    108.112    34.1084    34.3530 0.0000e+00
     16.231     6.7194   3.423061     0.8309 2.8084e+00    92.7868       7235     -0.500     6.4517   3.420800     1.3517     0.7269     0.2995 7.0715e+01     1.7667     4.2706     0.0492     0.0214    108.040    34.1099    34.3531 0.0000e+00
     16.217     6.7238   3.423729     0.8322 2.8168e+00    92.7916       7236     -0.500     6.4546   3.421103     1.3517     0.7290     0.2993 7.2202e+01     1.7680     4.2708     0.0494     0.0214    108.005    34.1130    34.3535 0.0000e+00
     16.203     6.7332   3.424454     0.8339 2.8250e+00    92.7995       7237     -0.501     6.4595   3.421606     1.3516     0.7433     0.2989 7.5175e+01     1.7692     4.2712     0.0492     0.0217    107.955    34.1116    34.3542 0.0000e+00
     16.190     6.7398   3.424708     0.8367 2.8331e+00    92.8148       7238     -0.501     6.4666   3.422313     1.3514     0.7433     0.2983 7.0686e+01     1.7705     4.2719     0.0493     0.0217    107.905    34.1079    34.3550 0.0000e+00
     16.179     6.7400   3.424808     0.8408 2.8412e+00    92.8446       7239     -0.498     6.4749   3.423158     1.3511     0.7291     0.2970 6.9310e+01     1.7717     4.2732     0.0498     0.0214    107.856    34.1088    34.3560 0.0000e+00
     16.167     6.7413   3.425176     0.8455 2.8490e+00    92.8741       7240     -0.496     6.4831   3.423988     1.3511     0.7270     0.2957 7.5024e+01     1.7728     4.2745     0.0501     0.0214    107.842    34.1116    34.3570 0.0000e+00
     16.155     6.7454   3.425837     0.8506 2.8555e+00    92.8873       7241     -0.494     6.4913   3.424687     1.3508     0.7297     0.2951 7.8175e+01     1.7738     4.2751     0.0501     0.0215    107.782    34.1148    34.3565 0.0000e+00
     16.146     6.7527   3.426384     0.8563 2.8622e+00    92.8834       7242     -0.491     6.4993   3.425223     1.3508     0.7471     0.2953 7.2307e+01     1.7748     4.2749     0.0501     0.0217    107.757    34.1136    34.3545 -9.990e-29
