tests/test_data/sbe_files/sbe911plus/kongsfjorden_ctds/Kb1_2_unbinned.cnv
* Sea-Bird SBE 9 Data File:
* FileName = C:\MOSJ_2016\hex\Kb1_2.hex
* Software Version Seasave V 7.21b
* Temperature SN = 2400
* Conductivity SN = 2056
* Number of Bytes Per Scan = 33
* Number of Voltage Words = 5
* Number of Scans Averaged by the Deck Unit = 1
* NMEA baud rate = 4800
** R/V Lance  - MOSJ 2016
** Station Kb1_2
** echodepth 384.4
** Latitude N 79 00.19
** Longitude E 011 25.25
# nquan = 22                                
# nvalues = 11453                       
# units = specified
# name 0 = prDM: Pressure, Digiquartz [db]
# name 1 = t090C: Temperature [ITS-90, deg C]
# name 2 = c0S/m: Conductivity [S/m]
# name 3 = flECO-AFL: Fluorescence, WET Labs ECO-AFL/FL [mg/m^3]
# name 4 = par: PAR/Irradiance, Biospherical/Licor
# name 5 = xmiss: Beam Transmission, Chelsea/Seatech [%]
# name 6 = scan: Scan Count
# name 7 = dz/dtM: Descent Rate [m/s]
# name 8 = t190C: Temperature, 2 [ITS-90, deg C]
# name 9 = c1S/m: Conductivity, 2 [S/m]
# name 10 = sbeox0V: Oxygen raw, SBE 43 [V]
# name 11 = flECO-AFL1: Fluorescence, WET Labs ECO-AFL/FL, 2 [mg/m^3]
# name 12 = bat: Beam Attenuation, Chelsea/Seatech [1/m]
# name 13 = spar: SPAR, Biospherical/Licor
# name 14 = v1: Voltage 1
# name 15 = v2: Voltage 2
# name 16 = v3: Voltage 3
# name 17 = v4: Voltage 4
# name 18 = sbox0Mm/Kg: Oxygen, SBE 43 [umol/kg], WS = 2
# name 19 = sal00: Salinity, Practical [PSU]
# name 20 = sal11: Salinity, Practical, 2 [PSU]
# name 21 = flag: flag
# span 0 =     -0.233,     69.098       
# span 1 =     4.0346,     8.2195       
# span 2 =   0.072240,   3.520768       
# span 3 =    -0.2167,     1.8534       
# span 4 = 1.0000e-12, 4.6768e+01       
# span 5 =     4.9707,    96.9207       
# span 6 =          1,      11453       
# span 7 =     -1.122,      1.231       
# span 8 =     3.7714,     7.9800       
# span 9 =   0.106548,   3.521017       
# span 10 =     1.1746,     1.3949      
# span 11 =    -0.4281,     6.5811      
# span 12 =     0.1251,    12.1504      
# span 13 = 5.1449e+01, 9.7230e+01      
# span 14 =     0.0012,     2.9804      
# span 15 =     0.2950,     4.4577      
# span 16 =     0.0050,     0.0932      
# span 17 =     0.0049,     0.1050      
# span 18 =     95.832,    131.974      
# span 19 =     0.5420,    34.8896      
# span 20 =     0.8162,    35.1505      
# span 21 = 0.0000e+00, 0.0000e+00      
# interval = seconds: 0.0416667
# start_time = Jul 26 2016 22:30:42 [System UTC, header]
# bad_flag = -9.990e-29
*END*
[from data line 3029]
     62.564     4.0951   3.254353     0.0544 1.1565e-12    96.3306       3030     -0.702     3.8335   3.254292     1.2768     0.9394     0.1495 8.4351e+01     0.0016     4.4310     0.0172     0.0244    105.427    34.8522    35.1313 0.0000e+00
     62.524     4.0958   3.254373     0.0531 1.8677e-12    96.3304       3031     -0.713     3.8335   3.254263     1.2768     0.9394     0.1495 8.4575e+01     0.0024     4.4310     0.0174     0.0244    105.412    34.8517    35.1310 0.0000e+00
     62.483     4.0959   3.254390     0.0515 5.8116e-12    96.3290       3032     -0.724     3.8340   3.254301     1.2763     0.9394     0.1496 8.1424e+01     0.0029     4.4309     0.0176     0.0244    105.328    34.8518    35.1309 0.0000e+00
     62.444     4.0963   3.254398     0.0488 2.7682e-11    96.3213       3033     -0.735     3.8350   3.254391     1.2760     0.9394     0.1499 7.5895e+01     0.0026     4.4306     0.0174     0.0244    105.271    34.8515    35.1309 0.0000e+00
     62.404     4.0967   3.254484     0.0454 1.4897e-10    96.3036       3034     -0.746     3.8362   3.254473     1.2760     0.9394     0.1507 7.8331e+01     0.0021     4.4298     0.0171     0.0244    105.251    34.8522    35.1306 0.0000e+00
     62.365     4.0985   3.254700     0.0417 8.2154e-10    96.2859       3035     -0.757     3.8370   3.254511     1.2760     0.9394     0.1514 8.5066e+01     0.0016     4.4290     0.0167     0.0244    105.225    34.8528    35.1303 0.0000e+00
     62.327     4.1009   3.254809     0.0378 4.5513e-09    96.2772       3036     -0.768     3.8374   3.254526     1.2760     0.9394     0.1518 8.6613e+01     0.0016     4.4286     0.0162     0.0244    105.214    34.8516    35.1300 0.0000e+00
     62.288     4.1019   3.254823     0.0348 2.5235e-08    96.2705       3037     -0.778     3.8381   3.254567     1.2760     0.9394     0.1520 8.3281e+01     0.0020     4.4283     0.0160     0.0244    105.222    34.8507    35.1298 0.0000e+00
     62.249     4.1023   3.254891     0.0327 1.3993e-07    96.2657       3038     -0.787     3.8390   3.254636     1.2760     0.9394     0.1522 8.2675e+01     0.0021     4.4281     0.0160     0.0244    105.230    34.8511    35.1297 0.0000e+00
     62.211     4.1041   3.255102     0.0317 7.7599e-07    96.2702       3039     -0.797     3.8402   3.254726     1.2760     0.9394     0.1521 8.7991e+01     0.0019     4.4283     0.0162     0.0244    105.225    34.8517    35.1295 0.0000e+00
     62.172     4.1079   3.255342     0.0308 4.3032e-06    96.2758       3040     -0.806     3.8420   3.254872     1.2761     0.9394     0.1518 9.1741e+01     0.0019     4.4286     0.0164     0.0244    105.232    34.8506    35.1293 0.0000e+00
     62.131     4.1102   3.255450     0.0296 2.3863e-05    96.2779       3041     -0.815     3.8446   3.255095     1.2763     0.9392     0.1517 8.7875e+01     0.0021     4.4287     0.0162     0.0244    105.258    34.8494    35.1292 0.0000e+00
     62.091     4.1113   3.255447     0.0285 1.3233e-04    96.2846       3042     -0.825     3.8478   3.255334     1.2768     0.9386     0.1514 8.2009e+01     0.0037     4.4290     0.0159     0.0244    105.322    34.8482    35.1286 0.0000e+00
     62.052     4.1107   3.255420     0.0280 3.6985e-04    96.2958       3043     -0.833     3.8502   3.255486     1.2768     0.9347     0.1510 8.3225e+01     0.0066     4.4295     0.0159     0.0243    105.319    34.8486    35.1279 0.0000e+00
     62.013     4.1106   3.255431     0.0281 6.3215e-04    96.3025       3044     -0.841     3.8514   3.255536     1.2763     0.9135     0.1507 8.3318e+01     0.0093     4.4298     0.0159     0.0240    105.251    34.8488    35.1272 0.0000e+00
     61.974     4.1111   3.255481     0.0287 8.7901e-04    96.3046       3045     -0.850     3.8520   3.255543     1.2760     0.8754     0.1506 7.5354e+01     0.0116     4.4299     0.0160     0.0235    105.209    34.8489    35.1267 0.0000e+00
     61.934     4.1117   3.255542     0.0299 1.1110e-03    96.3102       3046     -0.859     3.8524   3.255546     1.2760     0.8378     0.1504 6.9694e+01     0.0136     4.4301     0.0162     0.0229    105.208    34.8490    35.1263 0.0000e+00
     61.896     4.1128   3.255611     0.0312 1.1372e-03    96.3147       3047     -0.866     3.8526   3.255548     1.2760     0.8197     0.1502 6.8909e+01     0.0138     4.4303     0.0165     0.0227    105.203    34.8487    35.1262 0.0000e+00
     61.857     4.1140   3.255711     0.0322 7.9123e-04    96.3100       3048     -0.874     3.8527   3.255554     1.2760     0.8333     0.1504 7.0076e+01     0.0106     4.4301     0.0165     0.0229    105.202    34.8486    35.1261 0.0000e+00
     61.819     4.1151   3.255762     0.0329 3.3287e-04    96.3034       3049     -0.881     3.8531   3.255591     1.2761     0.8494     0.1507 7.2081e+01     0.0060     4.4298     0.0165     0.0231    105.228    34.8481    35.1262 0.0000e+00
     61.781     4.1154   3.255792     0.0334 2.2683e-04    96.2957       3050     -0.887     3.8540   3.255657     1.2763     0.8489     0.1510 7.6937e+01     0.0046     4.4294     0.0163     0.0231    105.274    34.8482    35.1260 0.0000e+00
     61.743     4.1167   3.255917     0.0343 9.6588e-04    96.2836       3051     -0.894     3.8550   3.255725     1.2768     0.8293     0.1515 8.4537e+01     0.0114     4.4289     0.0163     0.0228    105.358    34.8483    35.1258 0.0000e+00
     61.706     4.1182   3.255999     0.0357 2.5351e-03    96.2719       3052     -0.899     3.8559   3.255790     1.2768     0.7976     0.1520 8.4977e+01     0.0252     4.4284     0.0167     0.0224    105.381    34.8477    35.1256 0.0000e+00
     61.670     4.1196   3.256062     0.0365 3.8545e-03    96.2676       3053     -0.903     3.8570   3.255857     1.2763     0.7945     0.1521 7.8077e+01     0.0364     4.4282     0.0168     0.0223    105.336    34.8470    35.1252 0.0000e+00
     61.633     4.1202   3.256130     0.0367 4.1519e-03    96.2795       3054     -0.907     3.8582   3.255931     1.2760     0.8088     0.1516 7.2713e+01     0.0389     4.4287     0.0165     0.0226    105.314    34.8471    35.1249 0.0000e+00
     61.596     4.1203   3.256118     0.0371 3.7042e-03    96.3022       3055     -0.912     3.8592   3.256003     1.2760     0.8145     0.1507 7.0738e+01     0.0353     4.4297     0.0165     0.0227    105.334    34.8469    35.1247 0.0000e+00
     61.558     4.1207   3.256130     0.0376 2.9361e-03    96.3194       3056     -0.916     3.8600   3.256063     1.2760     0.8325     0.1500 7.0251e+01     0.0289     4.4305     0.0163     0.0229    105.349    34.8467    35.1245 0.0000e+00
     61.523     4.1213   3.256162     0.0388 1.8839e-03    96.3195       3057     -0.919     3.8609   3.256144     1.2759     0.8500     0.1500 6.9440e+01     0.0199     4.4305     0.0163     0.0232    105.342    34.8464    35.1246 0.0000e+00
     61.489     4.1213   3.256173     0.0408 8.0398e-04    96.3034       3058     -0.921     3.8623   3.256272     1.2757     0.8532     0.1507 6.8924e+01     0.0101     4.4298     0.0167     0.0232    105.318    34.8466    35.1246 0.0000e+00
     61.455     4.1213   3.256123     0.0427 2.9829e-04    96.2861       3059     -0.923     3.8640   3.256388     1.2755     0.8538     0.1514 7.0419e+01     0.0050     4.4290     0.0168     0.0232    105.286    34.8460    35.1242 0.0000e+00
     61.421     4.1211   3.256110     0.0445 6.6999e-04    96.2787       3060     -0.925     3.8650   3.256435     1.2760     0.8539     0.1517 7.2214e+01     0.0084     4.4287     0.0166     0.0232    105.350    34.8461    35.1237 0.0000e+00
     61.390     4.1216   3.256177     0.0471 1.7190e-03    96.2786       3061     -0.925     3.8653   3.256441     1.2765     0.8539     0.1517 7.3714e+01     0.0182     4.4287     0.0168     0.0232    105.414    34.8463    35.1235 0.0000e+00
     61.357     4.1222   3.256202     0.0499 2.6291e-03    96.2859       3062     -0.925     3.8654   3.256437     1.2763     0.8539     0.1514 8.0508e+01     0.0263     4.4290     0.0171     0.0232    105.378    34.8460    35.1233 0.0000e+00
     61.324     4.1224   3.256287     0.0528 2.6609e-03    96.3020       3063     -0.925     3.8652   3.256426     1.2760     0.8538     0.1507 9.0611e+01     0.0266     4.4297     0.0174     0.0232    105.329    34.8468    35.1234 0.0000e+00
     61.291     4.1237   3.256411     0.0552 1.9293e-03    96.3119       3064     -0.924     3.8650   3.256410     1.2760     0.8532     0.1503 9.4351e+01     0.0204     4.4302     0.0176     0.0232    105.321    34.8469    35.1235 0.0000e+00
     61.258     4.1248   3.256486     0.0569 1.2166e-03    96.3020       3065     -0.922     3.8647   3.256383     1.2760     0.8500     0.1507 8.5639e+01     0.0144     4.4297     0.0175     0.0231    105.312    34.8467    35.1235 0.0000e+00
     61.224     4.1264   3.256594     0.0585 1.2142e-03    96.2858       3066     -0.922     3.8645   3.256349     1.2760     0.8325     0.1514 7.0238e+01     0.0144     4.4290     0.0175     0.0229    105.306    34.8463    35.1233 0.0000e+00
     61.192     4.1266   3.256623     0.0602 1.9099e-03    96.2783       3067     -0.920     3.8641   3.256328     1.2760     0.8150     0.1518 6.3560e+01     0.0203     4.4286     0.0177     0.0226    105.315    34.8464    35.1235 0.0000e+00
     61.162     4.1272   3.256666     0.0615 2.6901e-03    96.2770       3068     -0.916     3.8638   3.256326     1.2761     0.8118     0.1518 6.4386e+01     0.0269     4.4286     0.0180     0.0226    105.334    34.8463    35.1238 0.0000e+00
     61.132     4.1277   3.256728     0.0620 3.2311e-03    96.2767       3069     -0.911     3.8636   3.256344     1.2763     0.8108     0.1518 6.4873e+01     0.0314     4.4286     0.0181     0.0226    105.353    34.8465    35.1243 0.0000e+00
     61.102     4.1282   3.256722     0.0611 3.7722e-03    96.2764       3070     -0.907     3.8636   3.256384     1.2765     0.8082     0.1518 6.6834e+01     0.0359     4.4286     0.0177     0.0226    105.368    34.8460    35.1248 0.0000e+00
     61.072     4.1263   3.256595     0.0599 4.2461e-03    96.2752       3071     -0.902     3.8638   3.256423     1.2763     0.7944     0.1519 7.0298e+01     0.0397     4.4285     0.0172     0.0224    105.335    34.8465    35.1250 0.0000e+00
     61.043     4.1256   3.256428     0.0594 4.0432e-03    96.2686       3072     -0.897     3.8642   3.256428     1.2763     0.7976     0.1522 7.7248e+01     0.0380     4.4282     0.0172     0.0224    105.332    34.8453    35.1247 0.0000e+00
     61.013     4.1247   3.256327     0.0597 2.8186e-03    96.2573       3073     -0.890     3.8642   3.256370     1.2766     0.8294     0.1526 8.2644e+01     0.0278     4.4277     0.0174     0.0229    105.378    34.8450    35.1240 0.0000e+00
     60.983     4.1237   3.256288     0.0601 1.3493e-03    96.2489       3074     -0.884     3.8634   3.256239     1.2767     0.8495     0.1529 8.2933e+01     0.0151     4.4273     0.0176     0.0232    105.398    34.8457    35.1233 0.0000e+00
     60.954     4.1215   3.256008     0.0601 1.0126e-03    96.2376       3075     -0.879     3.8617   3.256057     1.2769     0.8531     0.1534 8.2827e+01     0.0119     4.4268     0.0174     0.0232    105.435    34.8447    35.1230 0.0000e+00
     60.925     4.1146   3.255545     0.0603 2.5368e-03    96.2061       3076     -0.872     3.8596   3.255850     1.2772     0.8537     0.1547 7.6477e+01     0.0248     4.4254     0.0172     0.0232    105.505    34.8465    35.1228 0.0000e+00
     60.899     4.1057   3.255132     0.0613 5.0905e-03    96.1624       3077     -0.865     3.8569   3.255638     1.2772     0.8539     0.1566 7.2980e+01     0.0460     4.4234     0.0174     0.0232    105.538    34.8511    35.1232 0.0000e+00
     60.873     4.1030   3.254832     0.0626 6.8131e-03    96.1450       3078     -0.858     3.8532   3.255436     1.2771     0.8539     0.1573 7.5683e+01     0.0599     4.4226     0.0177     0.0232    105.540    34.8504    35.1247 0.0000e+00
     60.847     4.1014   3.254578     0.0637 7.0133e-03    96.1642       3079     -0.850     3.8488   3.255255     1.2769     0.8539     0.1564 7.2820e+01     0.0616     4.4235     0.0177     0.0232    105.519    34.8491    35.1273 0.0000e+00
     60.821     4.0993   3.254481     0.0647 6.4446e-03    96.1916       3080     -0.844     3.8443   3.255099     1.2767     0.8538     0.1553 7.5566e+01     0.0572     4.4247     0.0177     0.0232    105.494    34.8502    35.1303 0.0000e+00
     60.796     4.0975   3.254458     0.0657 5.7819e-03    96.2036       3081     -0.837     3.8410   3.254965     1.2768     0.8532     0.1548 8.1408e+01     0.0520     4.4253     0.0175     0.0232    105.512    34.8519    35.1323 0.0000e+00
     60.771     4.0970   3.254457     0.0673 4.7456e-03    96.1944       3082     -0.829     3.8403   3.254867     1.2768     0.8502     0.1552 8.2994e+01     0.0436     4.4248     0.0175     0.0231    105.516    34.8524    35.1319 0.0000e+00
     60.747     4.0964   3.254492     0.0697 3.1450e-03    96.1797       3083     -0.822     3.8417   3.254845     1.2764     0.8332     0.1558 8.8055e+01     0.0305     4.4242     0.0182     0.0229    105.460    34.8535    35.1301 0.0000e+00
     60.724     4.0977   3.254586     0.0713 1.9656e-03    96.1802       3084     -0.814     3.8436   3.254926     1.2763     0.8188     0.1558 9.1784e+01     0.0208     4.4242     0.0185     0.0227    105.437    34.8532    35.1290 0.0000e+00
     60.700     4.0996   3.254657     0.0716 2.1586e-03    96.1978       3085     -0.804     3.8452   3.255155     1.2765     0.8326     0.1551 9.1700e+01     0.0224     4.4250     0.0181     0.0229    105.462    34.8521    35.1301 0.0000e+00
     60.677     4.1001   3.254689     0.0720 3.4795e-03    96.2226       3086     -0.795     3.8489   3.255569     1.2763     0.8464     0.1540 9.1131e+01     0.0333     4.4261     0.0180     0.0231    105.443    34.8519    35.1311 0.0000e+00
     60.654     4.0996   3.254717     0.0722 4.6850e-03    96.2466       3087     -0.786     3.8565   3.256082     1.2763     0.8318     0.1530 8.7955e+01     0.0432     4.4272     0.0183     0.0229    105.449    34.8528    35.1290 0.0000e+00
     60.630     4.1003   3.254670     0.0720 4.7124e-03    96.2591       3088     -0.776     3.8652   3.256497     1.2765     0.8143     0.1525 8.1259e+01     0.0434     4.4278     0.0183     0.0226    105.476    34.8515    35.1247 0.0000e+00
     60.607     4.1009   3.254617     0.0711 3.6590e-03    96.2562       3089     -0.766     3.8694   3.256656     1.2763     0.8087     0.1526 8.0672e+01     0.0348     4.4277     0.0183     0.0226    105.446    34.8502    35.1221 0.0000e+00
     60.585     4.1007   3.254701     0.0695 2.6261e-03    96.2525       3090     -0.757     3.8674   3.256515     1.2763     0.7937     0.1528 8.9467e+01     0.0263     4.4275     0.0182     0.0223    105.442    34.8515    35.1225 0.0000e+00
     60.565     4.1033   3.254823     0.0672 2.8691e-03    96.2595       3091     -0.749     3.8617   3.256126     1.2765     0.7932     0.1525 9.4913e+01     0.0282     4.4278     0.0179     0.0223    105.456    34.8502    35.1240 0.0000e+00
     60.546     4.1050   3.254949     0.0644 4.7228e-03    96.2781       3092     -0.738     3.8550   3.255647     1.2763     0.8050     0.1517 9.3641e+01     0.0432     4.4287     0.0174     0.0225    105.412    34.8499    35.1255 0.0000e+00
     60.525     4.1044   3.255001     0.0622 6.9504e-03    96.3021       3093     -0.727     3.8496   3.255258     1.2760     0.7937     0.1507 9.1829e+01     0.0609     4.4297     0.0171     0.0224    105.363    34.8511    35.1267 0.0000e+00
     60.504     4.1031   3.254930     0.0609 8.0943e-03    96.3199       3094     -0.717     3.8460   3.255022     1.2760     0.7967     0.1500 8.6372e+01     0.0698     4.4305     0.0171     0.0224    105.366    34.8517    35.1277 0.0000e+00
