tests/test_data/sbe_files/sbe911plus/kongsfjorden_ctds/Kb1_2_unbinned.cnv
* Sea-Bird SBE 9 Data File:
* FileName = C:\MOSJ_2016\hex\Kb1_2.hex
* Software Version Seasave V 7.21b
* Temperature SN = 2400
* Conductivity SN = 2056
* Number of Bytes Per Scan = 33
* Number of Voltage Words = 5
* Number of Scans Averaged by the Deck Unit = 1
* NMEA baud rate = 4800
** R/V Lance  - MOSJ 2016
** Station Kb1_2
** echodepth 384.4
** Latitude N 79 00.19
** Longitude E 011 25.25
# nquan = 22                                
# nvalues = 11453                       
# units = specified
# name 0 = prDM: Pressure, Digiquartz [db]
# name 1 = t090C: Temperature [ITS-90, deg C]
# name 2 = c0S/m: Conductivity [S/m]
# name 3 = flECO-AFL: Fluorescence, WET Labs ECO-AFL/FL [mg/m^3]
# name 4 = par: PAR/Irradiance, Biospherical/Licor
# name 5 = xmiss: Beam Transmission, Chelsea/Seatech [%]
# name 6 = scan: Scan Count
# name 7 = dz/dtM: Descent Rate [m/s]
# name 8 = t190C: Temperature, 2 [ITS-90, deg C]
# name 9 = c1S/m: Conductivity, 2 [S/m]
# name 10 = sbeox0V: Oxygen raw, SBE 43 [V]
# name 11 = flECO-AFL1: Fluorescence, WET Labs ECO-AFL/FL, 2 [mg/m^3]
# name 12 = bat: Beam Attenuation, Chelsea/Seatech [1/m]
# name 13 = spar: SPAR, Biospherical/Licor
# name 14 = v1: Voltage 1
# name 15 = v2: Voltage 2
# name 16 = v3: Voltage 3
# name 17 = v4: Voltage 4
# name 18 = sbox0Mm/Kg: Oxygen, SBE 43 [umol/kg], WS = 2
# name 19 = sal00: Salinity, Practical [PSU]
# name 20 = sal11: Salinity, Practical, 2 [PSU]
# name 21 = flag: flag
# span 0 =     -0.233,     69.098       
# span 1 =     4.0346,     8.2195       
# span 2 =   0.072240,   3.520768       
# span 3 =    -0.2167,     1.8534       
# span 4 = 1.0000e-12, 4.6768e+01       
# span 5 =     4.9707,    96.9207       
# span 6 =          1,      11453       
# span 7 =     -1.122,      1.231       
# span 8 =     3.7714,     7.9800       
# span 9 =   0.106548,   3.521017       
# span 10 =     1.1746,     1.3949      
# span 11 =    -0.4281,     6.5811      
# span 12 =     0.1251,    12.1504      
# span 13 = 5.1449e+01, 9.7230e+01      
# span 14 =     0.0012,     2.9804      
# span 15 =     0.2950,     4.4577      
# span 16 =     0.0050,     0.0932      
# span 17 =     0.0049,     0.1050      
# span 18 =     95.832,    131.974      
# span 19 =     0.5420,    34.8896      
# span 20 =     0.8162,    35.1505      
# span 21 = 0.0000e+00, 0.0000e+00      
# interval = seconds: 0.0416667
# start_time = Jul 26 2016 22:30:42 [System UTC, header]
# bad_flag = -9.990e-29
*END*
[from data line 659]
     11.591     7.9219   3.519517     0.9268 6.0963e+00    91.7376        660      0.826     7.6836   3.519803     1.2948     0.5694     0.3449 8.6860e+01     2.0993     4.2231     0.0545     0.0191     97.853    33.9793    34.2156 0.0000e+00
     11.616     7.9170   3.519011     0.9299 6.0863e+00    91.6977        661      0.817     7.6787   3.519325     1.2946     0.5723     0.3467 9.1662e+01     2.0986     4.2213     0.0541     0.0192     97.863    33.9787    34.2152 0.0000e+00
     11.641     7.9100   3.518380     0.9325 6.0740e+00    91.7052        662      0.809     7.6722   3.518682     1.2943     0.5610     0.3464 8.8558e+01     2.0977     4.2216     0.0540     0.0190     97.872    33.9787    34.2147 0.0000e+00
     11.666     7.9029   3.517687     0.9348 6.0616e+00    91.7383        663      0.801     7.6642   3.517910     1.2942     0.5730     0.3449 8.2357e+01     2.0968     4.2231     0.0543     0.0192     97.911    33.9781    34.2142 0.0000e+00
     11.690     7.8948   3.516109     0.9363 6.0510e+00    91.7693        664      0.791     7.6544   3.517037     1.2940     0.5731     0.3436 8.2714e+01     2.0961     4.2245     0.0543     0.0192     97.945    33.9691    34.2144 0.0000e+00
     11.715     7.8847   3.514689     0.9372 6.0347e+00    91.7882        665      0.781     7.6433   3.516087     1.2938     0.5618     0.3427 8.7322e+01     2.0949     4.2254     0.0542     0.0190     97.978    33.9636    34.2150 0.0000e+00
     11.739     7.8720   3.514538     0.9376 6.0155e+00    91.7898        666      0.772     7.6310   3.515089     1.2940     0.5766     0.3426 8.7870e+01     2.0935     4.2255     0.0540     0.0192     98.052    33.9744    34.2163 0.0000e+00
     11.762     7.8589   3.513829     0.9380 6.0016e+00    91.7800        667      0.762     7.6182   3.514076     1.2943     0.5930     0.3431 8.8219e+01     2.0925     4.2250     0.0538     0.0194     98.147    33.9795    34.2179 0.0000e+00
     11.786     7.8491   3.512948     0.9391 5.9887e+00    91.7726        668      0.753     7.6057   3.513030     1.2943     0.5929     0.3434 8.6031e+01     2.0916     4.2247     0.0538     0.0194     98.200    33.9796    34.2189 0.0000e+00
     11.810     7.8389   3.511773     0.9410 5.9764e+00    91.7652        669      0.744     7.5942   3.511929     1.2943     0.5758     0.3437 8.2253e+01     2.0907     4.2243     0.0540     0.0192     98.252    33.9769    34.2183 0.0000e+00
     11.834     7.8231   3.510375     0.9433 5.9666e+00    91.7552        670      0.736     7.5836   3.510830     1.2944     0.5573     0.3442 8.2830e+01     2.0900     4.2239     0.0542     0.0189     98.326    33.9772    34.2169 0.0000e+00
     11.857     7.8110   3.509319     0.9454 5.9539e+00    91.7561        671      0.729     7.5736   3.509814     1.2947     0.5479     0.3441 8.2632e+01     2.0891     4.2239     0.0540     0.0188     98.409    33.9776    34.2157 0.0000e+00
     11.879     7.8014   3.508522     0.9483 5.9383e+00    91.7709        672      0.720     7.5638   3.508900     1.2952     0.5127     0.3435 8.4559e+01     2.0880     4.2246     0.0540     0.0183     98.506    33.9784    34.2154 0.0000e+00
     11.901     7.7933   3.507759     0.9520 5.9244e+00    91.7795        673      0.710     7.5540   3.508034     1.2955     0.4801     0.3431 8.6692e+01     2.0870     4.2250     0.0543     0.0178     98.579    33.9781    34.2157 0.0000e+00
     11.924     7.7855   3.507099     0.9564 5.9071e+00    91.7636        674      0.701     7.5441   3.507147     1.2955     0.4876     0.3438 8.2415e+01     2.0857     4.2243     0.0544     0.0179     98.616    33.9786    34.2158 0.0000e+00
     11.947     7.7787   3.506371     0.9617 5.8847e+00    91.7391        675      0.693     7.5342   3.506189     1.2953     0.4834     0.3449 7.9458e+01     2.0840     4.2232     0.0546     0.0179     98.617    33.9773    34.2152 0.0000e+00
     11.970     7.7689   3.505198     0.9679 5.8667e+00    91.7403        676      0.684     7.5233   3.505073     1.2953     0.4520     0.3448 7.9538e+01     2.0827     4.2232     0.0549     0.0174     98.644    33.9743    34.2138 0.0000e+00
     11.993     7.7553   3.503678     0.9748 5.8489e+00    91.7717        677      0.673     7.5106   3.503783     1.2957     0.4354     0.3435 7.9314e+01     2.0814     4.2246     0.0549     0.0172     98.731    33.9711    34.2123 0.0000e+00
     12.017     7.7404   3.502154     0.9829 5.8267e+00    91.7996        678      0.664     7.4973   3.502451     1.2958     0.4518     0.3422 8.3412e+01     2.0798     4.2259     0.0546     0.0174     98.782    33.9692    34.2110 0.0000e+00
     12.041     7.7255   3.500669     0.9935 5.8094e+00    91.8027        679      0.656     7.4852   3.501209     1.2955     0.4825     0.3421 9.0722e+01     2.0785     4.2260     0.0546     0.0179     98.782    33.9678    34.2094 0.0000e+00
     12.066     7.7100   3.499163     1.0081 5.7944e+00    91.7927        680      0.650     7.4740   3.500120     1.2955     0.4825     0.3425 9.3899e+01     2.0774     4.2256     0.0558     0.0179     98.820    33.9666    34.2086 0.0000e+00
     12.091     7.6936   3.497905     1.0253 5.7719e+00    91.7824        681      0.643     7.4623   3.499268     1.2955     0.4517     0.3430 9.0222e+01     2.0757     4.2251     0.0582     0.0174     98.853    33.9691    34.2109 0.0000e+00
     12.115     7.6802   3.497168     1.0415 5.7494e+00    91.7833        682      0.636     7.4518   3.498763     1.2955     0.4347     0.3429 8.2369e+01     2.0741     4.2252     0.0601     0.0172     98.870    33.9742    34.2158 0.0000e+00
     12.140     7.6742   3.497114     1.0537 5.7347e+00    91.7992        683      0.630     7.4458   3.498635     1.2955     0.4481     0.3423 7.7483e+01     2.0729     4.2259     0.0606     0.0174     98.864    33.9794    34.2203 0.0000e+00
     12.165     7.6768   3.497557     1.0626 5.7182e+00    91.8135        684      0.623     7.4444   3.498809     1.2956     0.4618     0.3416 7.7376e+01     2.0717     4.2266     0.0602     0.0176     98.849    33.9817    34.2236 0.0000e+00
     12.191     7.6822   3.498109     1.0698 5.6990e+00    91.8047        685      0.617     7.4458   3.499150     1.2959     0.4473     0.3420 8.1652e+01     2.0703     4.2261     0.0602     0.0174     98.855    33.9823    34.2259 0.0000e+00
     12.217     7.6869   3.498546     1.0759 5.6813e+00    91.7647        686      0.612     7.4481   3.499514     1.2964     0.4303     0.3438 8.6224e+01     2.0689     4.2243     0.0607     0.0171     98.889    33.9825    34.2276 0.0000e+00
     12.243     7.6899   3.498847     1.0803 5.6585e+00    91.7204        687      0.608     7.4503   3.499807     1.2967     0.4272     0.3457 8.6283e+01     2.0672     4.2223     0.0607     0.0171     98.894    33.9828    34.2286 0.0000e+00
     12.269     7.6920   3.499064     1.0833 5.6363e+00    91.7078        688      0.604     7.4523   3.500037     1.2967     0.4267     0.3463 8.3871e+01     2.0654     4.2217     0.0605     0.0171     98.858    33.9830    34.2291 0.0000e+00
     12.296     7.6935   3.499255     1.0857 5.6211e+00    91.7301        689      0.599     7.4540   3.500247     1.2967     0.4266     0.3453 8.2739e+01     2.0643     4.2227     0.0605     0.0171     98.820    33.9836    34.2297 0.0000e+00
     12.324     7.6951   3.499476     1.0878 5.6011e+00    91.7698        690      0.597     7.4558   3.500454     1.2967     0.4266     0.3435 8.7772e+01     2.0628     4.2245     0.0605     0.0171     98.779    33.9844    34.2301 0.0000e+00
     12.352     7.6974   3.499738     1.0897 5.5758e+00    91.7993        691      0.595     7.4577   3.500669     1.2967     0.4266     0.3422 9.0423e+01     2.0608     4.2259     0.0605     0.0171     98.738    33.9850    34.2306 0.0000e+00
     12.380     7.6993   3.499973     1.0914 5.5545e+00    91.8026        692      0.593     7.4597   3.500903     1.2967     0.4267     0.3421 8.7832e+01     2.0591     4.2260     0.0606     0.0171     98.698    33.9857    34.2311 0.0000e+00
     12.408     7.7015   3.500228     1.0933 5.5310e+00    91.7923        693      0.590     7.4617   3.501122     1.2967     0.4273     0.3425 8.4903e+01     2.0573     4.2256     0.0608     0.0171     98.650    33.9863    34.2315 0.0000e+00
     12.437     7.7034   3.500439     1.0948 5.5053e+00    91.7798        694      0.589     7.4635   3.501299     1.2966     0.4303     0.3431 7.9822e+01     2.0553     4.2250     0.0610     0.0172     98.587    33.9867    34.2316 0.0000e+00
     12.466     7.7049   3.500610     1.0954 5.4839e+00    91.7693        695      0.588     7.4650   3.501447     1.2963     0.4473     0.3436 8.0954e+01     2.0536     4.2245     0.0608     0.0174     98.500    33.9870    34.2318 0.0000e+00
     12.496     7.7064   3.500719     1.0959 5.4601e+00    91.7464        696      0.588     7.4659   3.501546     1.2959     0.4620     0.3446 8.3418e+01     2.0518     4.2235     0.0606     0.0176     98.407    33.9867    34.2319 0.0000e+00
     12.527     7.7067   3.500730     1.0968 5.4316e+00    91.7014        697      0.587     7.4662   3.501567     1.2958     0.4491     0.3466 7.8195e+01     2.0495     4.2215     0.0608     0.0174     98.362    33.9865    34.2318 0.0000e+00
     12.558     7.7068   3.500735     1.0976 5.4072e+00    91.6674        698      0.588     7.4658   3.501519     1.2960     0.4401     0.3480 7.4945e+01     2.0476     4.2199     0.0610     0.0173     98.361    33.9865    34.2317 0.0000e+00
     12.589     7.7059   3.500688     1.0979 5.3826e+00    91.6686        699      0.591     7.4648   3.501397     1.2958     0.4814     0.3480 7.4298e+01     2.0456     4.2200     0.0607     0.0179     98.313    33.9868    34.2313 0.0000e+00
     12.620     7.7049   3.500472     1.0981 5.3513e+00    91.6843        700      0.595     7.4629   3.501177     1.2955     0.5679     0.3473 7.3844e+01     2.0431     4.2207     0.0602     0.0191     98.252    33.9855    34.2308 0.0000e+00
     12.651     7.7025   3.500257     1.0995 5.3242e+00    91.6975        701      0.597     7.4599   3.500849     1.2955     0.6235     0.3467 7.9167e+01     2.0409     4.2213     0.0602     0.0199     98.232    33.9855    34.2302 0.0000e+00
     12.684     7.6990   3.499821     1.1021 5.2988e+00    91.7073        702      0.601     7.4558   3.500402     1.2955     0.6166     0.3463 8.2804e+01     2.0389     4.2217     0.0607     0.0198     98.223    33.9842    34.2294 0.0000e+00
     12.719     7.6935   3.499211     1.1051 5.2648e+00    91.6996        703      0.604     7.4505   3.499848     1.2955     0.6009     0.3466 7.8290e+01     2.0361     4.2214     0.0606     0.0195     98.221    33.9829    34.2286 0.0000e+00
     12.753     7.6878   3.498532     1.1087 5.2349e+00    91.6712        704      0.608     7.4441   3.499217     1.2954     0.5981     0.3479 7.6102e+01     2.0337     4.2201     0.0602     0.0195     98.205    33.9812    34.2280 0.0000e+00
     12.787     7.6809   3.497800     1.1143 5.2094e+00    91.6420        705      0.613     7.4370   3.498553     1.2951     0.5977     0.3491 8.0831e+01     2.0316     4.2188     0.0600     0.0195     98.168    33.9800    34.2278 0.0000e+00
     12.820     7.6735   3.497060     1.1229 5.1760e+00    91.6284        706      0.618     7.4296   3.497921     1.2946     0.5982     0.3497 8.2794e+01     2.0288     4.2181     0.0606     0.0195     98.106    33.9792    34.2282 0.0000e+00
     12.853     7.6662   3.496489     1.1340 5.1472e+00    91.6302        707      0.623     7.4228   3.497385     1.2944     0.6012     0.3496 7.6566e+01     2.0264     4.2182     0.0620     0.0196     98.078    33.9802    34.2291 0.0000e+00
     12.887     7.6590   3.496044     1.1457 5.1249e+00    91.6288        708      0.628     7.4172   3.496994     1.2944     0.6182     0.3497 7.3521e+01     2.0245     4.2181     0.0633     0.0198     98.069    33.9824    34.2304 0.0000e+00
     12.922     7.6541   3.495798     1.1559 5.0939e+00    91.6191        709      0.634     7.4131   3.496778     1.2946     0.6326     0.3501 7.6872e+01     2.0219     4.2177     0.0642     0.0200     98.080    33.9845    34.2320 0.0000e+00
     12.958     7.6510   3.495714     1.1638 5.0601e+00    91.6151        710      0.641     7.4105   3.496729     1.2948     0.6183     0.3503 7.7266e+01     2.0191     4.2175     0.0646     0.0198     98.094    33.9866    34.2341 0.0000e+00
     12.995     7.6497   3.495784     1.1694 5.0323e+00    91.6272        711      0.648     7.4089   3.496784     1.2946     0.6019     0.3498 7.9808e+01     2.0167     4.2180     0.0644     0.0196     98.065    33.9886    34.2362 0.0000e+00
     13.032     7.6486   3.495880     1.1736 5.0003e+00    91.6500        712      0.655     7.4077   3.496879     1.2943     0.6019     0.3488 8.8512e+01     2.0140     4.2191     0.0642     0.0196     98.031    33.9907    34.2384 0.0000e+00
     13.071     7.6473   3.495982     1.1775 4.9641e+00    91.6681        713      0.662     7.4069   3.497009     1.2943     0.6183     0.3480 9.0313e+01     2.0108     4.2199     0.0644     0.0198     98.036    33.9931    34.2406 0.0000e+00
     13.110     7.6469   3.496217     1.1808 4.9338e+00    91.6735        714      0.671     7.4065   3.497134     1.2943     0.6326     0.3478 8.4639e+01     2.0082     4.2202     0.0647     0.0200     98.037    33.9960    34.2424 0.0000e+00
     13.150     7.6473   3.496360     1.1831 4.9014e+00    91.6615        715      0.680     7.4050   3.497096     1.2942     0.6182     0.3483 8.4928e+01     2.0054     4.2197     0.0647     0.0198     98.026    33.9971    34.2434 0.0000e+00
     13.189     7.6450   3.496103     1.1846 4.8631e+00    91.6375        716      0.688     7.4013   3.496732     1.2939     0.6012     0.3493 8.6799e+01     2.0020     4.2185     0.0647     0.0195     97.997    33.9966    34.2431 0.0000e+00
     13.228     7.6381   3.495359     1.1854 4.8311e+00    91.6124        717      0.697     7.3946   3.496002     1.2934     0.5981     0.3504 8.2662e+01     1.9992     4.2174     0.0649     0.0195     97.954    33.9952    34.2417 0.0000e+00
     13.269     7.6286   3.494221     1.1851 4.8016e+00    91.5935        718      0.707     7.3849   3.494960     1.2930     0.5976     0.3512 8.2583e+01     1.9966     4.2166     0.0648     0.0195     97.937    33.9922    34.2400 0.0000e+00
     13.308     7.6164   3.492920     1.1835 4.7668e+00    91.5855        719      0.718     7.3726   3.493704     1.2930     0.5976     0.3516 8.6270e+01     1.9934     4.2162     0.0641     0.0195     97.978    33.9901    34.2384 0.0000e+00
     13.348     7.6044   3.491494     1.1823 4.7359e+00    91.5839        720      0.729     7.3584   3.492350     1.2930     0.5983     0.3517 8.1978e+01     1.9906     4.2161     0.0636     0.0195     98.015    33.9864    34.2377 0.0000e+00
     13.387     7.5897   3.490061     1.1826 4.7071e+00    91.5826        721      0.739     7.3434   3.490971     1.2930     0.6019     0.3518 7.5554e+01     1.9880     4.2160     0.0639     0.0196     98.056    33.9852    34.2375 0.0000e+00
     13.426     7.5734   3.488687     1.1838 4.6729e+00    91.5772        722      0.749     7.3284   3.489614     1.2930     0.6219     0.3520 7.5822e+01     1.9848     4.2158     0.0643     0.0199     98.099    33.9863    34.2376 0.0000e+00
     13.466     7.5579   3.487342     1.1849 4.6426e+00    91.5724        723      0.758     7.3135   3.488313     1.2930     0.6532     0.3522 7.6500e+01     1.9821     4.2156     0.0644     0.0203     98.141    33.9869    34.2381 0.0000e+00
     13.507     7.5441   3.486037     1.1859 4.6145e+00    91.5755        724      0.768     7.2987   3.487070     1.2930     0.6532     0.3520 7.4656e+01     1.9795     4.2157     0.0642     0.0203     98.179    33.9862    34.2392 0.0000e+00
