tests/test_data/sbe_files/sbe911plus/kongsfjorden_ctds/Kb1_2_binned.cnv
* Sea-Bird SBE 9 Data File:
* FileName = C:\MOSJ_2016\hex\Kb1_2.hex
* Software Version Seasave V 7.21b
* Temperature SN = 2400
* Conductivity SN = 2056
* Number of Bytes Per Scan = 33
* Number of Voltage Words = 5
* Number of Scans Averaged by the Deck Unit = 1
* NMEA baud rate = 4800
** R/V Lance  - MOSJ 2016
** Station Kb1_2
** echodepth 384.4
** Latitude N 79 00.19
** Longitude E 011 25.25
# nquan = 23
# nvalues = 69                          
# units = specified
# name 0 = prDM: Pressure, Digiquartz [db]
# name 1 = t090C: Temperature [ITS-90, deg C]
# name 2 = c0S/m: Conductivity [S/m]
# name 3 = flECO-AFL: Fluorescence, WET Labs ECO-AFL/FL [mg/m^3]
# name 4 = par: PAR/Irradiance, Biospherical/Licor
# name 5 = xmiss: Beam Transmission, Chelsea/Seatech [%]
# name 6 = scan: Scan Count
# name 7 = dz/dtM: Descent Rate [m/s]
# name 8 = t190C: Temperature, 2 [ITS-90, deg C]
# name 9 = c1S/m: Conductivity, 2 [S/m]
# name 10 = sbeox0V: Oxygen raw, SBE 43 [V]
# name 11 = flECO-AFL1: Fluorescence, WET Labs ECO-AFL/FL, 2 [mg/m^3]
# name 12 = bat: Beam Attenuation, Chelsea/Seatech [1/m]
# name 13 = spar: SPAR, Biospherical/Licor
# name 14 = v1: Voltage 1
# name 15 = v2: Voltage 2
# name 16 = v3: Voltage 3
# name 17 = v4: Voltage 4
# name 18 = sbox0Mm/Kg: Oxygen, SBE 43 [umol/kg], WS = 2
# name 19 = sal00: Salinity, Practical [PSU]
# name 20 = sal11: Salinity, Practical, 2 [PSU]
# name 21 = nbin: number of scans per bin
# name 22 = flag: flag
# span 0 =      1.000,     69.000       
# span 1 =     4.0381,     8.1850       
# span 2 =   3.250624,   3.516311       
# span 3 =     0.0321,     1.8042       
# span 4 = -8.426e-05, 4.1993e+01       
# span 5 =    89.4207,    96.8409       
# span 6 =        104,       2516       
# span 7 =     -0.385,      1.202       
# span 8 =     3.7748,     7.9377       
# span 9 =   3.250800,   3.516686       
# span 10 =     1.2702,     1.3044      
# span 11 =     0.4741,     1.1752      
# span 12 =     0.1284,     0.4475      
# span 13 = 7.7345e+01, 8.8687e+01      
# span 14 =     0.0011,     2.9380      
# span 15 =     4.1182,     4.4541      
# span 16 =     0.0164,     0.0918      
# span 17 =     0.0178,     0.0278      
# span 18 =     97.708,    105.631      
# span 19 =    32.9049,    34.8655      
# span 20 =    33.1850,    35.1496      
# span 21 =         18,         58      
# span 22 = 0.0000e+00, 0.0000e+00      
# interval = decibars: 1                
# start_time = Jul 26 2016 22:30:42 [System UTC, header]
# bad_flag = -9.990e-29
*END*
      1.000     8.1507   3.470004     0.7445 4.1993e+01    89.7931        104     -0.385     7.9165   3.472290     1.2981     1.1752     0.4307 8.1595e+01     2.9380     4.1351     0.0460     0.0278     98.126    33.2355    33.4833         18 0.0000e+00
      2.000     8.1478   3.465568     0.7477 3.2574e+01    89.6791        186      0.358     7.9126   3.465045     1.2974     0.5528     0.4357 8.3578e+01     2.8241     4.1299     0.0462     0.0189     98.420    33.1906    33.4089         44 0.0000e+00
      3.000     8.1497   3.464107     0.7505 2.5270e+01    89.5484        287      0.510     7.9126   3.464511     1.3012     0.5556     0.4416 8.4179e+01     2.7134     4.1240     0.0463     0.0189     99.038    33.1728    33.4027         37 0.0000e+00
      4.000     8.1530   3.462415     0.7454 2.1336e+01    89.6589        369      0.540     7.9158   3.463039     1.3037     0.5395     0.4366 8.4720e+01     2.6396     4.1290     0.0460     0.0187     99.242    33.1512    33.3834         25 0.0000e+00
      5.000     8.1539   3.460909     0.7464 1.7699e+01    89.5949        412      0.649     7.9173   3.461847     1.3044     0.5688     0.4395 8.2169e+01     2.5594     4.1261     0.0461     0.0191     99.174    33.1339    33.3687         43 0.0000e+00
      6.000     8.1850   3.442143     0.7612 1.5317e+01    89.7033        474      0.371     7.9377   3.446522     1.3038     0.8554     0.4347 8.1676e+01     2.4968     4.1310     0.0467     0.0232     99.379    32.9049    33.1850         33 0.0000e+00
      7.000     8.1643   3.484773     0.7723 1.2281e+01    89.7977        505      0.740     7.9230   3.482996     1.3038     0.5870     0.4305 8.3070e+01     2.4006     4.1352     0.0472     0.0194     98.842    33.3770    33.5889         34 0.0000e+00
      8.000     8.1185   3.506791     0.7581 1.0609e+01    90.1632        548      0.559     7.8842   3.506999     1.3016     0.5625     0.4142 8.1904e+01     2.3381     4.1518     0.0466     0.0190     98.388    33.6549    33.8834         48 0.0000e+00
      9.000     7.9136   3.497941     0.7240 9.1115e+00    90.9141        587      0.582     7.6760   3.498638     1.3008     0.4741     0.3810 8.1221e+01     2.2724     4.1858     0.0452     0.0178     98.695    33.7571    33.9956         30 0.0000e+00
     10.000     7.9186   3.502260     0.6919 7.6274e+00    91.2574        613      0.828     7.6765   3.502511     1.2999     0.5648     0.3660 8.2361e+01     2.1953     4.2013     0.0437     0.0190     98.495    33.7982    34.0365         25 0.0000e+00
     11.000     7.9236   3.516311     0.7792 6.5501e+00    91.4672        640      0.925     7.6868   3.516686     1.2968     0.5723     0.3568 8.3946e+01     2.1297     4.2108     0.0473     0.0191     97.708    33.9435    34.1791         31 0.0000e+00
     12.000     7.7788   3.506488     1.0007 5.8305e+00    91.7731        677      0.691     7.5397   3.507133     1.2954     0.4938     0.3434 8.4324e+01     2.0798     4.2247     0.0569     0.0180     98.470    33.9785    34.2199         40 0.0000e+00
     13.000     7.6517   3.495867     1.1520 5.0298e+00    91.6368        711      0.652     7.4089   3.496691     1.2944     0.5946     0.3494 7.9958e+01     2.0161     4.2185     0.0630     0.0195     98.107    33.9875    34.2352         27 0.0000e+00
     14.000     7.4589   3.479189     1.2435 4.2766e+00    91.3423        736      0.871     7.2171   3.480617     1.2920     0.6049     0.3622 8.3589e+01     1.9462     4.2052     0.0668     0.0196     98.354    33.9953    34.2494         26 0.0000e+00
     15.000     7.3831   3.473733     1.3829 3.7513e+00    90.9593        765      0.886     7.1427   3.474916     1.2901     0.6123     0.3790 8.3288e+01     1.8902     4.1879     0.0725     0.0197     98.422    34.0099    34.2603         34 0.0000e+00
     16.000     6.7430   3.412088     1.5970 3.3298e+00    89.4207        801      0.667     6.4871   3.414170     1.2882     0.6044     0.4475 8.3963e+01     1.8392     4.1182     0.0815     0.0196     99.175    33.9652    34.2437         32 0.0000e+00
     17.000     6.7659   3.426157     1.8042 2.7910e+00    89.5832        827      0.790     6.5199   3.428534     1.2812     0.6263     0.4402 8.2394e+01     1.7635     4.1255     0.0918     0.0199     97.802    34.0975    34.3702         23 0.0000e+00
     18.000     6.8099   3.441458     1.3374 2.3145e+00    91.0602        849      1.011     6.5678   3.443632     1.2785     0.7186     0.3748 8.1595e+01     1.6838     4.1924     0.0699     0.0213     98.043    34.2221    34.4893         22 0.0000e+00
     19.000     6.8581   3.452361     0.9283 2.0831e+00    93.2565        876      1.013     6.6130   3.453851     1.2784     0.7015     0.2794 8.0975e+01     1.6393     4.2918     0.0535     0.0211     98.504    34.2940    34.5569         33 0.0000e+00
     20.000     6.8037   3.451033     0.6181 1.8907e+00    94.7120        912      0.663     6.5558   3.452305     1.2795     0.6850     0.2173 8.3013e+01     1.5983     4.3577     0.0405     0.0208     98.583    34.3333    34.5971         34 0.0000e+00
     21.000     6.6015   3.439348     0.5184 1.6383e+00    94.9603        939      0.751     6.3517   3.441041     1.2795     0.6187     0.2069 8.3822e+01     1.5375     4.3690     0.0367     0.0198     99.086    34.4063    34.6782         23 0.0000e+00
     22.000     6.4243   3.428848     0.3764 1.3448e+00    94.9361        960      1.017     6.1728   3.430857     1.2798     0.6420     0.2079 8.1635e+01     1.4542     4.3679     0.0305     0.0202     99.282    34.4676    34.7462         19 0.0000e+00
     23.000     6.2525   3.418448     0.4013 1.1756e+00    95.1124        979      1.194     5.9963   3.420417     1.2781     0.7984     0.2005 7.7345e+01     1.3987     4.3759     0.0318     0.0224     99.012    34.5249    34.8091         21 0.0000e+00
     24.000     6.1627   3.411790     0.4116 1.1950e+00    95.1795       1007      1.050     5.9128   3.413948     1.2752     0.6605     0.1976 8.1830e+01     1.4056     4.3789     0.0321     0.0204     99.017    34.5410    34.8214         35 0.0000e+00
     25.000     6.1240   3.410865     0.4563 1.0783e+00    95.6592       1041      0.659     5.8735   3.412710     1.2734     0.6926     0.1775 7.9489e+01     1.3626     4.4006     0.0341     0.0209     99.254    34.5695    34.8474         28 0.0000e+00
     26.000     5.9848   3.399740     0.4241 9.2949e-01    95.9026       1064      0.853     5.7283   3.401557     1.2737     0.6002     0.1673 7.9608e+01     1.3010     4.4116     0.0329     0.0195     99.721    34.5856    34.8701         21 0.0000e+00
     27.000     5.8175   3.385499     0.3482 7.9358e-01    95.8459       1084      1.102     5.5653   3.387747     1.2731     0.7215     0.1697 8.2247e+01     1.2362     4.4091     0.0293     0.0213     99.704    34.5952    34.8812         19 0.0000e+00
     28.000     5.7676   3.381244     0.2960 7.3423e-01    95.9868       1105      1.202     5.5116   3.383149     1.2714     0.6709     0.1638 8.2067e+01     1.2047     4.4154     0.0272     0.0206     99.606    34.5976    34.8838         23 0.0000e+00
     29.000     5.6884   3.375442     0.3055 7.2640e-01    96.0388       1132      1.020     5.4355   3.377439     1.2704     0.5999     0.1617 8.1930e+01     1.2003     4.4178     0.0278     0.0196     99.953    34.6125    34.8970         31 0.0000e+00
     30.000     5.6854   3.377976     0.2845 6.5717e-01    96.0651       1162      0.787     5.4334   3.379708     1.2702     0.5955     0.1606 8.8687e+01     1.1596     4.4190     0.0269     0.0195    100.037    34.6439    34.9247         28 0.0000e+00
     31.000     5.7033   3.382921     0.2462 5.8838e-01    96.1461       1187      0.872     5.4512   3.384350     1.2707     0.6846     0.1572 8.3230e+01     1.1152     4.4226     0.0252     0.0208    100.211    34.6812    34.9588         23 0.0000e+00
     32.000     5.6867   3.383036     0.2168 5.2292e-01    96.3417       1210      1.012     5.4328   3.384281     1.2713     0.7184     0.1491 8.4844e+01     1.0681     4.4315     0.0240     0.0213    100.366    34.6991    34.9767         22 0.0000e+00
     33.000     5.6878   3.385722     0.2084 4.7175e-01    96.4939       1232      1.072     5.4350   3.386803     1.2721     0.7220     0.1428 8.1935e+01     1.0275     4.4384     0.0236     0.0214    100.485    34.7281    35.0028         24 0.0000e+00
     34.000     5.6675   3.384656     0.1888 4.3985e-01    96.5500       1258      1.005     5.4144   3.385653     1.2736     0.7386     0.1405 8.4096e+01     1.0001     4.4410     0.0229     0.0216    100.997    34.7364    35.0107         28 0.0000e+00
     35.000     5.6595   3.385301     0.1503 4.0429e-01    96.4965       1288      0.825     5.4061   3.386138     1.2760     0.7679     0.1427 8.5136e+01     0.9672     4.4385     0.0213     0.0220    101.167    34.7514    35.0244         31 0.0000e+00
     36.000     5.4676   3.367427     0.1385 3.6487e-01    96.5645       1317      0.788     5.2096   3.368555     1.2763     0.7226     0.1398 7.9344e+01     0.9278     4.4416     0.0208     0.0214    101.372    34.7451    35.0271         26 0.0000e+00
     37.000     5.3544   3.357711     0.1153 3.1863e-01    96.6360       1341      0.923     5.0972   3.358987     1.2761     0.7100     0.1369 8.3872e+01     0.8762     4.4448     0.0198     0.0212    101.523    34.7505    35.0339         23 0.0000e+00
     38.000     5.2683   3.350886     0.0815 2.8542e-01    96.7096       1364      1.040     5.0112   3.352237     1.2752     0.7055     0.1338 8.1733e+01     0.8352     4.4482     0.0184     0.0211    101.523    34.7610    35.0456         24 0.0000e+00
     39.000     5.1268   3.337929     0.0638 2.6486e-01    96.8074       1394      0.908     4.8691   3.339324     1.2745     0.7270     0.1298 8.4593e+01     0.8078     4.4526     0.0176     0.0214    102.016    34.7582    35.0447         37 0.0000e+00
     40.000     4.9385   3.320608     0.1085 2.4406e-01    96.8409       1431      0.612     4.6791   3.322098     1.2739     0.7209     0.1284 8.3014e+01     0.7780     4.4541     0.0196     0.0213    102.369    34.7535    35.0438         32 0.0000e+00
     41.000     4.9384   3.323592     0.1010 2.1696e-01    96.7955       1458      0.782     4.6897   3.325665     1.2736     0.7123     0.1303 8.0025e+01     0.7358     4.4520     0.0192     0.0212    102.450    34.7876    35.0737         23 0.0000e+00
     42.000     5.1401   3.345724     0.0676 1.9049e-01    96.7509       1480      1.009     4.8833   3.346363     1.2735     0.7289     0.1321 8.4192e+01     0.6904     4.4500     0.0177     0.0214    102.106    34.8329    35.1101         24 0.0000e+00
     43.000     4.9176   3.325296     0.1171 1.7762e-01    96.7455       1511      0.894     4.6631   3.326475     1.2759     0.7158     0.1324 8.4210e+01     0.6666     4.4498     0.0199     0.0213    103.134    34.8282    35.1104         40 0.0000e+00
     44.000     4.5893   3.292290     0.1428 1.6071e-01    96.6321       1552      0.541     4.3442   3.295528     1.2753     0.8062     0.1370 8.4643e+01     0.6328     4.4447     0.0210     0.0225    103.220    34.7872    35.0849         35 0.0000e+00
     45.000     4.4361   3.277373     0.1136 1.4073e-01    96.3486       1580      0.754     4.1775   3.279548     1.2730     0.7361     0.1488 8.2240e+01     0.5895     4.4318     0.0197     0.0215    103.164    34.7729    35.0731         24 0.0000e+00
     46.000     4.4287   3.276750     0.1095 1.2464e-01    96.2787       1604      0.959     4.1684   3.278440     1.2710     0.8274     0.1517 8.3056e+01     0.5509     4.4287     0.0195     0.0228    103.309    34.7728    35.0692         27 0.0000e+00
     47.000     4.4284   3.276848     0.1363 1.1123e-01    96.1531       1639      0.758     4.1665   3.278056     1.2710     0.8780     0.1569 8.2750e+01     0.5162     4.4230     0.0207     0.0235    103.615    34.7738    35.0661         43 0.0000e+00
     48.000     4.4429   3.278834     0.1438 9.8344e-02    96.1364       1680      0.555     4.1847   3.279987     1.2717     0.7822     0.1576 8.2900e+01     0.4800     4.4222     0.0211     0.0222    103.867    34.7813    35.0689         35 0.0000e+00
     49.000     4.4841   3.283702     0.1385 8.3050e-02    96.3042       1712      0.724     4.2232   3.284380     1.2725     0.7397     0.1506 8.3259e+01     0.4323     4.4298     0.0208     0.0216    103.781    34.7945    35.0794         30 0.0000e+00
     50.000     4.4809   3.284237     0.1408 7.3756e-02    96.4471       1743      0.791     4.2177   3.284675     1.2734     0.8613     0.1447 8.4819e+01     0.4008     4.4363     0.0209     0.0233    104.063    34.8036    35.0882         35 0.0000e+00
     51.000     4.6039   3.297488     0.1603 6.1871e-02    96.6190       1784      0.590     4.3449   3.297839     1.2762     0.8577     0.1376 7.9893e+01     0.3565     4.4440     0.0217     0.0233    104.427    34.8290    35.1077         45 0.0000e+00
     52.000     4.4340   3.281111     0.1923 5.4121e-02    96.7289       1824      0.587     4.1831   3.282658     1.2795     0.8539     0.1330 8.2079e+01     0.3253     4.4490     0.0231     0.0232    104.940    34.8153    35.1001         34 0.0000e+00
     53.000     4.3306   3.271596     0.1400 4.4458e-02    96.6047       1859      0.683     4.0706   3.272405     1.2786     0.8842     0.1382 8.3438e+01     0.2827     4.4434     0.0209     0.0236    104.676    34.8119    35.0982         39 0.0000e+00
     54.000     4.2973   3.268579     0.1408 3.8870e-02    96.5019       1900      0.594     4.0358   3.269195     1.2771     0.7379     0.1424 8.1126e+01     0.2561     4.4388     0.0209     0.0216    104.685    34.8110    35.0967         39 0.0000e+00
     55.000     4.2470   3.264086     0.1242 3.2847e-02    96.3842       1939      0.621     3.9843   3.264546     1.2767     0.7721     0.1473 8.1431e+01     0.2252     4.4334     0.0201     0.0221    104.867    34.8105    35.0960         41 0.0000e+00
     56.000     4.2106   3.261007     0.1364 2.7025e-02    96.5602       1981      0.558     3.9486   3.261564     1.2762     0.8127     0.1400 8.4114e+01     0.1934     4.4414     0.0208     0.0226    104.995    34.8121    35.0982         40 0.0000e+00
     57.000     4.2234   3.263040     0.1239 2.0481e-02    96.7190       2015      0.676     3.9643   3.263751     1.2763     0.8310     0.1335 8.3479e+01     0.1545     4.4486     0.0201     0.0229    104.898    34.8220    35.1069         30 0.0000e+00
     58.000     4.2568   3.267117     0.1160 1.6390e-02    96.7302       2048      0.737     3.9938   3.267245     1.2767     0.8766     0.1330 8.0747e+01     0.1282     4.4491     0.0198     0.0235    105.145    34.8343    35.1163         41 0.0000e+00
     59.000     4.2502   3.266868     0.1765 1.3336e-02    96.7201       2095      0.493     3.9896   3.267167     1.2776     0.8260     0.1334 8.2750e+01     0.1075     4.4486     0.0224     0.0228    105.145    34.8379    35.1193         44 0.0000e+00
     60.000     4.2421   3.266305     0.1463 8.9780e-03    96.7402       2130      0.637     3.9811   3.266543     1.2783     0.8934     0.1326 8.2667e+01     0.0756     4.4495     0.0211     0.0238    105.367    34.8392    35.1205         29 0.0000e+00
     61.000     4.1833   3.261525     0.1476 7.1061e-03    96.6036       2158      0.833     3.9218   3.261883     1.2784     0.8077     0.1382 8.0895e+01     0.0621     4.4434     0.0211     0.0226    105.344    34.8445    35.1280         30 0.0000e+00
     62.000     4.1647   3.259995     0.1535 2.4566e-03    96.5724       2196      0.668     3.9007   3.260080     1.2778     0.8617     0.1395 8.1580e+01     0.0242     4.4420     0.0215     0.0233    105.363    34.8456    35.1285         50 0.0000e+00
